5.00000000000000010e-04
1.50000000000000003e-03
2.05046438929480093e-03
2.80293614117740246e-03
3.83154716196776844e-03
5.23763400767897694e-03
7.15972134460343430e-03
9.78716910292216219e-03
1.33788278116988256e-02
1.82885399989302228e-02
2.50000000000000014e-02
2.99999999999999989e-02
4.00000000000000008e-02
5.00000000000000028e-02
6.00000000000000047e-02
7.00000000000000067e-02
8.00000000000000155e-02
9.00000000000000105e-02
1.00000000000000006e-01
1.10000000000000014e-01
1.20000000000000023e-01
1.30000000000000004e-01
1.40000000000000013e-01
1.50000000000000022e-01
1.60000000000000031e-01
1.70000000000000012e-01
1.80000000000000021e-01
1.90000000000000030e-01
2.00000000000000039e-01
2.10000000000000048e-01
2.20000000000000029e-01
2.30000000000000038e-01
2.40000000000000047e-01
2.50000000000000000e-01
2.60000000000000009e-01
2.70000000000000018e-01
2.80000000000000027e-01
2.90000000000000036e-01
3.00000000000000044e-01
3.10000000000000053e-01
3.20000000000000062e-01
3.30000000000000071e-01
3.40000000000000080e-01
3.50000000000000089e-01
3.60000000000000098e-01
3.70000000000000107e-01
3.80000000000000115e-01
3.90000000000000124e-01
4.00000000000000022e-01
4.10000000000000031e-01
4.20000000000000040e-01
4.30000000000000049e-01
4.40000000000000058e-01
4.50000000000000067e-01
4.60000000000000075e-01
4.70000000000000084e-01
4.80000000000000093e-01
4.90000000000000102e-01
5.00000000000000111e-01
