8.73112996754503229e+02 2.90988529790135146e+02 1.74563641374617134e+02 -1.96651157730557032e-03 -4.62078479119216838e-03 -2.62565874956074670e-03 -1.12832562388659428e-02 2.60952479587199049e-03 -3.20785501458910934e-03 -7.51456540759653461e-03 1.72272842064921379e-03 -4.18961092536285357e-02 -2.60034863552164423e-02 5.55865398125837077e-03 1.98966762980997344e-02 2.18278241780967941e-04 7.27594130511142800e-05 4.36556476012899507e-05 1.23270978618342678e-09 8.80358321264530141e-10 6.84607530613610369e-10
2.44280431266657160e+03 8.13749157582504949e+02 4.87938325010692381e+02 -4.91592056983822245e-02 -1.15785277694093941e-01 -6.52732419969479227e-02 -1.00899824430372612e-01 2.45655634363551104e-02 -2.86628247051299231e-02 -6.67650453546767275e-02 1.50610940654992594e-02 -3.80339347467426314e-01 -2.38874240582242464e-01 1.39322899786527649e-01 4.98927175485658569e-01 5.49630476179823694e-03 1.83210100296285049e-03 1.09926044875869873e-03 2.79359089276502218e-07 1.99414998160243899e-07 1.55001687565419960e-07
3.22682758688634112e+03 1.07466912728540274e+03 6.44237928360626711e+02 -1.20803526952426715e-01 -2.84868664779046543e-01 -1.59954399050857066e-01 -1.87424957947282145e-01 4.77473475297868905e-02 -5.34416387248515742e-02 -1.23377384523568681e-01 2.73552325014760102e-02 -7.09421430775742379e-01 -4.43939244631350483e-01 3.42703951171035914e-01 1.22754357632558575e+00 1.35668568383949424e-02 4.52228198774876338e-03 2.71336824331869274e-03 1.28852306038536170e-06 9.19568856905610517e-07 7.14594947948119018e-07
4.21052252123381822e+03 1.40189376768415650e+03 8.40169130440731124e+02 -2.92671470614134455e-01 -6.91168169444856706e-01 -3.86071851089875073e-01 -3.46520277348518646e-01 9.52660735243677365e-02 -9.95886512208074975e-02 -2.26256620157448352e-01 4.84612861804253822e-02 -1.32033659964365646e+00 -8.20257968172691365e-01 8.31022362287933802e-01 2.97749531764763420e+00 3.30795763684099131e-02 1.10265032799810956e-02 6.61589616057090511e-03 5.87073942343708333e-06 4.18856018297695318e-06 3.25402148379915928e-06
5.40072690576030436e+03 1.79764263101087272e+03 1.07702802965214073e+03 -6.95075548530214582e-01 -1.64432792477741119e+00 -9.12173534181859536e-01 -6.35472056245837358e-01 1.97367684266806898e-01 -1.85364900621437900e-01 -4.09939839819417395e-01 8.18282139638539796e-02 -2.44879165115493924e+00 -1.50250191689833867e+00 1.97484359161938938e+00 7.07783783788746135e+00 7.92856197218897024e-02 2.64284072966575988e-02 1.58570096513643843e-02 2.62932942831074826e-05 1.87537677657418566e-05 1.45651824482738929e-05
6.76873954365057489e+03 2.25234332381162494e+03 1.34906813776520494e+03 -1.60661983618806947e+00 -3.80805952668596737e+00 -2.09306233591145663e+00 -1.14934845854375811e+00 4.28735012442966135e-01 -3.44277406727292234e-01 -7.29265440218118566e-01 1.25254247559385412e-01 -4.51545104920380069e+00 -2.71602458878884789e+00 4.56471656810199278e+00 1.63647618394315977e+01 1.85679069813119352e-01 6.18922575397131830e-02 3.71351540132602367e-02 1.15060578550916782e-04 8.20435986342231253e-05 6.37011222575508632e-05
8.22533614751922141e+03 2.73634044030711084e+03 1.63854780662256508e+03 -3.58070621487436158e+00 -8.50338752494486627e+00 -4.61503878855937355e+00 -2.03144709079940133e+00 9.78230935615907682e-01 -6.37153931866012879e-01 -1.26354139925595077e+00 1.51036273095301682e-01 -8.24674462928981455e+00 -4.81347198680550470e+00 1.01628158315981505e+01 3.64442037464272346e+01 4.21608531081378746e-01 1.40531986450557256e-01 8.43180946575422807e-02 4.88175650194476311e-04 3.48001925698356040e-04 2.70129643628836400e-04
9.58974838361248840e+03 3.18957948125567100e+03 1.90955508632618012e+03 -7.59688759395683544e+00 -1.80680324107962917e+01 -9.63010119116302121e+00 -3.45891623368581147e+00 2.31697395376808846e+00 -1.17280027843842682e+00 -2.11249693528220028e+00 5.18149976428219083e-02 -1.48302597302501926e+01 -8.29232607234803432e+00 2.15073726756269039e+01 7.71453569823861898e+01 9.18411150045612690e-01 3.06115980932983922e-01 1.83664073110402837e-01 1.98694995089575060e-03 1.41611094112971793e-03 1.09899187917517028e-03
1.05628603681654404e+04 3.51267959496577714e+03 2.10265588848954076e+03 -1.50606346124439003e+01 -3.58266573099226946e+01 -1.85670009101462625e+01 -5.55304602071505382e+00 5.54930078779182967e+00 -2.14232734070341246e+00 -3.37862454461248518e+00 -4.72367585543113533e-01 -2.60394580312950268e+01 -1.37505030671550799e+01 4.24665749252834175e+01 1.52360686220465681e+02 1.88990155746135424e+00 6.29875320161095598e-01 3.77901152033065291e-01 7.63898936776422847e-03 5.44336604379330215e-03 4.22366558103073452e-03
1.07400942097202515e+04 3.57120070434935997e+03 2.13743767926592773e+03 -2.71286507765228961e+01 -6.43383064253479233e+01 -3.17319197677746772e+01 -8.15533255838206017e+00 1.29481804137744412e+01 -3.87506226586895597e+00 -5.14289443089841924e+00 -2.05450069712262007e+00 -4.41536478444744276e+01 -2.17490691154222944e+01 7.61827426219847013e+01 2.73388325931649149e+02 3.58965933842196838e+00 1.19624711436783215e+00 7.17668245425492679e-01 2.71051502309439113e-02 1.93116212011798932e-02 1.49823953532904584e-02
9.76472553541091838e+03 3.24661157344658977e+03 1.94300572476535308e+03 -4.26607942020466666e+01 -1.00091517705540497e+02 -4.44721021486404524e+01 -1.05592149367316814e+01 2.81731569480684918e+01 -6.92896689401317989e+00 -7.44533778188865814e+00 -5.58651838659734690e+00 -7.14554676790143901e+01 -3.26526117248686845e+01 1.19972099102343307e+02 4.30557474087293372e+02 6.09873248883851460e+00 2.03241155931527162e+00 1.21931652940730406e+00 8.60324644380367487e-02 6.12899762503182829e-02 4.75459883064229538e-02
8.67748630446449715e+03 2.88503641673799393e+03 1.72655754990533751e+03 -5.13466432293122779e+01 -1.18880921741907684e+02 -4.67740159483886515e+01 -1.14335600350924800e+01 4.21912375672321929e+01 -9.66767926135056577e+00 -9.01429504619635402e+00 -8.78288427578448783e+00 -9.22791327263369112e+01 -4.04166072720763054e+01 1.45603799035377790e+02 5.22419553959546192e+02 7.81016435530139930e+00 2.60343859568457958e+00 1.56207632639042493e+00 1.58673002825045761e-01 1.13041300236184861e-01 8.76921389425139447e-02
6.67511160295679656e+03 2.21932429871607155e+03 1.32814071730319802e+03 -6.18076144611808331e+01 -1.37976880947219627e+02 -3.59352701137477197e+01 -1.15490610396513489e+01 7.29612459228163601e+01 -1.61828230454381803e+01 -1.16204864873584182e+01 -1.53335510225276490e+01 -1.33005039665232999e+02 -5.47215585761055721e+01 1.80814667827609838e+02 6.48037731505070269e+02 1.07147612938324404e+01 3.57567988329286512e+00 2.14647252851304948e+00 3.87362492074519893e-01 2.76017581976144788e-01 2.14145180538247659e-01
5.43718974941135366e+03 1.80781694782210525e+03 1.08188627234610090e+03 -6.99497513432839355e+01 -1.51100290180178320e+02 -2.08389967192859089e+01 -1.01996465897540673e+01 1.04425631210715537e+02 -2.38557859504753544e+01 -1.34325293880382741e+01 -2.15086614532750886e+01 -1.71458767937651572e+02 -6.72110212453588645e+01 2.10282272280069805e+02 7.53303199401456482e+02 1.36553061093334076e+01 4.55914891794203214e+00 2.73740173342448223e+00 7.71315072827646775e-01 5.49633262455266336e-01 4.26437089901875122e-01
4.77374210620969279e+03 1.58701056660320251e+03 9.49674047150910155e+02 -8.02528883063841931e+01 -1.70522981858904359e+02 -1.25936007388057263e+01 -7.23807064931798649e+00 1.36763964148054271e+02 -3.24254202535055214e+01 -1.46067773811051325e+01 -2.74912235834406502e+01 -2.06972415221062874e+02 -7.78116296213313490e+01 2.42686339594992091e+02 8.70867626196203560e+02 1.71824917853861550e+01 5.72714426766640994e+00 3.43619551932443690e+00 1.39329086091526899e+00 9.92397685466591462e-01 7.69732290231521010e-01
4.24385298006404082e+03 1.41033923815229400e+03 8.43798360388718038e+02 -8.84762967538588754e+01 -1.84650269663709878e+02 -1.67411366263569228e+00 -2.55601107402902095e+00 1.70033949813973834e+02 -4.16575895991174079e+01 -1.53859573704992076e+01 -3.31526128757455609e+01 -2.38806202081126230e+02 -8.67311250774055935e+01 2.68799046887333191e+02 9.67060533746939768e+02 2.06430757470744695e+01 6.86303274748605663e+00 4.11320486930027762e+00 2.26844103065225733e+00 1.61468308436346808e+00 1.25186985051846134e+00
3.61158927637945544e+03 1.19998591659101862e+03 7.17874153373699187e+02 -8.83479865063048351e+01 -1.75910637893800072e+02 2.78041908124115977e+01 3.00929856789956673e+00 2.01649599212380622e+02 -5.13356082793239921e+01 -1.58901025167196970e+01 -3.78790843977571683e+01 -2.66591594482704068e+02 -9.43597158728799172e+01 2.77101905174211652e+02 9.97405015983332419e+02 2.29162042118586626e+01 7.61525894575456075e+00 4.56317278694163431e+00 3.28376102666400760e+00 2.33702512121292649e+00 1.81172269027585520e+00
2.94887223904615030e+03 9.80308668280356414e+02 5.86605445527737857e+02 -8.06972686011915243e+01 -1.46643036556545098e+02 7.39223217488039523e+01 8.22004533650485847e+00 2.28297512717044839e+02 -6.12552099076257264e+01 -1.61067898238943137e+01 -4.12241455148814353e+01 -2.90704509005706541e+02 -1.01023988927609494e+02 2.70304348153012370e+02 9.70031513759206518e+02 2.38807649158672568e+01 7.95964990156968710e+00 4.77563686738768389e+00 4.34381828398699010e+00 3.09345291462902106e+00 2.39910327075502661e+00
2.42913237760951051e+03 8.08420594408949114e+02 4.84006310506936529e+02 -7.25099710862741773e+01 -1.17173178746421215e+02 1.16834367119080284e+02 1.25139369474761679e+01 2.49095363884607366e+02 -7.12294816222361362e+01 -1.60543472144776906e+01 -4.34038644888214975e+01 -3.11918383364312490e+02 -1.06895873798365287e+02 2.61477890743787043e+02 9.34686988456513291e+02 2.45574436082984562e+01 8.21739615062424278e+00 4.93836211929550828e+00 5.53771761008589003e+00 3.94699364724979418e+00 3.06267118479478295e+00
2.11539782161646599e+03 7.04290744536658508e+02 4.21741379177086742e+02 -6.91105722590528586e+01 -1.03238173662319923e+02 1.40485665335196273e+02 1.61730773355266635e+01 2.65694024395154429e+02 -8.11167239389911146e+01 -1.58048617981502542e+01 -4.48843192575317218e+01 -3.30885254663950263e+02 -1.12055955434029826e+02 2.59608828583364698e+02 9.27529934877528035e+02 2.59152179693979967e+01 8.67625761118840266e+00 5.21516624684295316e+00 7.06796569980090883e+00 5.03797161157367501e+00 3.90935071523905275e+00
1.93908535643260188e+03 6.44778542563286351e+02 3.85871298895883911e+02 -6.98397751843070154e+01 -1.02760958094943987e+02 1.47174163325768745e+02 1.97591015981412852e+01 2.80415456744756909e+02 -9.08356635933908620e+01 -1.54581637662532589e+01 -4.60443489270408790e+01 -3.47920025883971164e+02 -1.16578161960917214e+02 2.63313514949897979e+02 9.44334471334736804e+02 2.79695978550012860e+01 9.32874998742701678e+00 5.59861641637335694e+00 9.02178698407814217e+00 6.42495084897182345e+00 4.98285378012878688e+00
1.78815386172927538e+03 5.93394974045538106e+02 3.54783160513252142e+02 -6.99447104524782901e+01 -1.01041315166703654e+02 1.53371046771440746e+02 2.34773723356794584e+01 2.94235467974065159e+02 -1.00347856239141265e+02 -1.50851419004818457e+01 -4.69850642221595862e+01 -3.63108550198245894e+02 -1.20567660891553828e+02 2.65075084101401046e+02 9.54901157952925132e+02 2.98965513219798602e+01 9.92716652473961325e+00 5.94696164689490736e+00 1.12369574694737544e+01 7.99445202933348398e+00 6.19619980580137408e+00
1.59865250455314003e+03 5.30112123427425104e+02 3.16838806420553396e+02 -6.58866354369375244e+01 -8.67754579153833419e+01 1.72750577425717665e+02 2.70571436322396046e+01 3.06416158974009477e+02 -1.09629751250730763e+02 -1.46953562273295653e+01 -4.75817750264709005e+01 -3.76545127213875503e+02 -1.24136289627411358e+02 2.59775262989033422e+02 9.36668408856193196e+02 3.09202998280013688e+01 1.02577688183426368e+01 6.14287095734727639e+00 1.34469242623323240e+01 9.56471767717258103e+00 7.41232354969124430e+00
1.38707149047262465e+03 4.60730352932303163e+02 2.75588844254328421e+02 -5.85858787911372119e+01 -6.26001811697028998e+01 2.03065012398016506e+02 3.01304203598203024e+01 3.15857817316046749e+02 -1.18655123035049542e+02 -1.42690482447486282e+01 -4.77346629476286353e+01 -3.88448134367870750e+02 -1.27365441927553064e+02 2.49149963499066331e+02 8.95309306155803029e+02 3.10901900802287869e+01 1.03493143797123448e+01 6.20624302916206894e+00 1.55759140265903113e+01 1.10869994210274072e+01 8.59586754130566177e+00
1.20471700144223701e+03 4.01350763756371691e+02 2.40395878377892330e+02 -5.15966096481568002e+01 -3.98619608672652959e+01 2.30805666047245893e+02 3.25864072605741910e+01 3.22380327378798370e+02 -1.27394870901260518e+02 -1.37990729845730371e+01 -4.75017493475850330e+01 -3.99098148399674528e+02 -1.30299024309843730e+02 2.38554507169792146e+02 8.53451103371263457e+02 3.11104815206496106e+01 1.04020490011027000e+01 6.24870207600120597e+00 1.78209938998163153e+01 1.26964877762442256e+01 9.84915551009978252e+00
1.07917172332070709e+03 3.60025835013162748e+02 2.15774826201086910e+02 -4.74499392630124746e+01 -2.68526019693696867e+01 2.45435012717854079e+02 3.45830649217602328e+01 3.26762451416240538e+02 -1.35827821615593336e+02 -1.33003870382439864e+01 -4.70320901135142222e+01 -4.08728800896323719e+02 -1.32961618332354874e+02 2.31534672116452043e+02 8.27159560879965511e+02 3.15904970907846625e+01 1.05776383505789582e+01 6.35754570981969724e+00 2.04477591970972412e+01 1.45717752564659904e+01 1.13056904022688478e+01
9.98783682220149444e+02 3.32599340556446975e+02 1.99172373867351411e+02 -4.57192053911911955e+01 -2.22752090751756846e+01 2.48174645559487402e+02 3.63417696545739162e+01 3.29974886131218966e+02 -1.43948461823463248e+02 -1.27968529550123122e+01 -4.64531103356851673e+01 -4.17482941567445039e+02 -1.35377395380832155e+02 2.27479888545167512e+02 8.14734387237161172e+02 3.25425089982744566e+01 1.08689013909839023e+01 6.52620574588245361e+00 2.35136765331438937e+01 1.67480729686638341e+01 1.29901736097791840e+01
9.33693052237000188e+02 3.09827948535169583e+02 1.85248520438302535e+02 -4.42337530247671324e+01 -1.88762919727902698e+01 2.48432921526906739e+02 3.79816048013643268e+01 3.32556534786662667e+02 -1.51764143477638299e+02 -1.23071311018897216e+01 -4.58241878623933445e+01 -4.25438594967421295e+02 -1.37576467377776282e+02 2.23561644197290690e+02 8.03823100954221559e+02 3.35237755450936419e+01 1.11531965256372843e+01 6.68713360393095613e+00 2.68263965085923921e+01 1.90934156970951072e+01 1.48027087767376688e+01
8.61246897063432016e+02 2.85213434672971573e+02 1.70385581422901510e+02 -4.13068187903693982e+01 -1.07273510987472633e+01 2.54784929619008892e+02 3.94980013209084646e+01 3.34539341684239162e+02 -1.59286063530144162e+02 -1.18385993372849150e+01 -4.51501735654047351e+01 -4.32653871098686011e+02 -1.39590769277306975e+02 2.17676510822387115e+02 7.84055951005018073e+02 3.40911048817032167e+01 1.13218345117598744e+01 6.78390113633112612e+00 3.01331896632131517e+01 2.14404023392368543e+01 1.66193217521315120e+01
7.80728709223863234e+02 2.58906385326981990e+02 1.54764666173319995e+02 -3.72225274006387892e+01 1.50446134294018208e+00 2.67246506835913237e+02 4.08314761940930140e+01 3.35724204164397520e+02 -1.66522656476054976e+02 -1.13890233943008710e+01 -4.44131894170945714e+01 -4.39193912666130643e+02 -1.41447633495107624e+02 2.10192178546787858e+02 7.55932672342881233e+02 3.42192603245998015e+01 1.13819399426073797e+01 6.82388326980782889e+00 3.33925708858425878e+01 2.37670802259908598e+01 1.84263729547577704e+01
7.05289060733673637e+02 2.34712084961590762e+02 1.40509343098228953e+02 -3.33247983615478987e+01 1.32115954268169027e+01 2.79526550795242201e+02 4.19372601485537544e+01 3.35963431701327977e+02 -1.73479161842831758e+02 -1.09525478702226398e+01 -4.35997625422615940e+01 -4.45134767026732447e+02 -1.43166841934831524e+02 2.02770816252684455e+02 7.27058375273457955e+02 3.42202854538124441e+01 1.14164875506827990e+01 6.85195018403819489e+00 3.67731804879936135e+01 2.61878567700960119e+01 2.03098596811587271e+01
6.44349670821452605e+02 2.14948936920845682e+02 1.28802765042905349e+02 -3.02492784601141906e+01 2.18908768920853838e+01 2.87182103352557078e+02 4.28131553600809696e+01 3.35277709079147030e+02 -1.80160758496591853e+02 -1.05254267068395677e+01 -4.27153554103787556e+01 -4.50554966300727813e+02 -1.44761876389236619e+02 1.96283783034743749e+02 7.02602130357426404e+02 3.43416133018597023e+01 1.14764761714201899e+01 6.89195399361295724e+00 4.04028749032458592e+01 2.87815693343411283e+01 2.23253734702669249e+01
5.98054787353310530e+02 1.99357481119194148e+02 1.19421480850402673e+02 -2.79420559144108793e+01 2.75760082190145539e+01 2.89682019240157217e+02 4.34913228777935146e+01 3.33825970630046811e+02 -1.86575063744915042e+02 -1.01081717871946992e+01 -4.17838726611707187e+01 -4.55525552033178712e+02 -1.46242966064257928e+02 1.90727877726106669e+02 6.83184539010234744e+02 3.46377542896498198e+01 1.15674850549579027e+01 6.94486801713556900e+00 4.43095980458875829e+01 3.15614736554233524e+01 2.44803239152329191e+01
5.60261554874970784e+02 1.86214386231274261e+02 1.11418811645015239e+02 -2.60248941454142084e+01 3.17246289589854413e+01 2.89439068098829352e+02 4.40167613088309295e+01 3.31818355287149132e+02 -1.92732248876205347e+02 -9.70403002694467709e+00 -4.08359178902453550e+01 -4.60104030888663260e+02 -1.47619480170399669e+02 1.85643685197723840e+02 6.66296431167351102e+02 3.50037359166181545e+01 1.16664920741562881e+01 6.99961339402294946e+00 4.84393802156091553e+01 3.44929798015911473e+01 2.67497222338633982e+01
5.24373027904651622e+02 1.73874993781807433e+02 1.03941811434527395e+02 -2.40866996350305556e+01 3.60194107426502228e+01 2.89640938474592531e+02 4.44294222375252446e+01 3.29441642982073120e+02 -1.98643680305115254e+02 -9.31616919126664556e+00 -3.98952399449606006e+01 -4.64333473930235982e+02 -1.48900780307350260e+02 1.80535494690155616e+02 6.48874994681609337e+02 3.52863370302474877e+01 1.17441400177679114e+01 7.04299776869225358e+00 5.26984920640320951e+01 3.75190028822346164e+01 2.90935716010000753e+01
4.88021632582002610e+02 1.61831306014185657e+02 9.67464683887201602e+01 -2.20380685300026506e+01 4.09280097345636449e+01 2.91522351299285617e+02 4.47558179632492212e+01 3.26822314368291927e+02 -2.04320661783367512e+02 -8.94593450996381101e+00 -3.89720842214647831e+01 -4.68245572412577246e+02 -1.50096001353243452e+02 1.75291666417496856e+02 6.29944103168376046e+02 3.54270853096292058e+01 1.17925368420599188e+01 7.07239865785027622e+00 5.70488433096546572e+01 4.06186375584300237e+01 3.14982691081869497e+01
4.52626723015098264e+02 1.50396101081560687e+02 8.99782848505890058e+01 -1.99017155503737584e+01 4.62892162506984519e+01 2.94625554698456256e+02 4.50088525677620765e+01 3.24023526082615206e+02 -2.09773970902965345e+02 -8.59285734159418269e+00 -3.80654981391193488e+01 -4.71865361727852871e+02 -1.51213579523384681e+02 1.69998410372019890e+02 6.10221253136940163e+02 3.54585431046938808e+01 1.18165342207321107e+01 7.08936989394612027e+00 6.14821189322537407e+01 4.37837629737513794e+01 3.39564530670721538e+01
4.20806278496736070e+02 1.40099840002112614e+02 8.38776383991271643e+01 -1.78645109886132758e+01 5.13068567144147067e+01 2.97296989600549523e+02 4.51922062311120811e+01 3.21062472854017074e+02 -2.15013921228241486e+02 -8.25563803046816602e+00 -3.71702855683984978e+01 -4.75215343624589082e+02 -1.52260991208001030e+02 1.64892852179469173e+02 5.91305727261689754e+02 3.54714460827680043e+01 1.18325765978568160e+01 7.10112394970676597e+00 6.60451541206072079e+01 4.70408975830453500e+01 3.64857514716835567e+01
3.93687823280278565e+02 1.31124977680513410e+02 7.85144757551200740e+01 -1.61091299995679478e+01 5.52790624270322084e+01 2.98247862111387747e+02 4.53058015173521440e+01 3.17934599394507188e+02 -2.20050451426642070e+02 -7.93305564304086630e+00 -3.62829446136773868e+01 -4.78317710585855878e+02 -1.53244739058428621e+02 1.60147408544156747e+02 5.74201034527428646e+02 3.55317320051040539e+01 1.18544665987376820e+01 7.11453184713616338e+00 7.07979187891525612e+01 5.04281760171446081e+01 3.91138811996842293e+01
3.70264441714176030e+02 1.23184847195175166e+02 7.37308632397904802e+01 -1.45615925102116712e+01 5.84690009833693196e+01 2.97832337373823407e+02 4.53500516458747853e+01 3.14634481078263946e+02 -2.24893049655175844e+02 -7.62431991341594184e+00 -3.54038051976807679e+01 -4.81194659615705973e+02 -1.54170452001434853e+02 1.55679529513317476e+02 5.58483866613884629e+02 3.56220575789619005e+01 1.18781451443867905e+01 7.12759162970777638e+00 7.57231243192786678e+01 5.39338527607411891e+01 4.18320502630752529e+01
3.48947922044267784e+02 1.15924885755320545e+02 6.93519310670108240e+01 -1.31255118052214748e+01 6.12821262776868565e+01 2.96880932911043999e+02 4.53279627126288887e+01 3.11167866459365030e+02 -2.29550626176268622e+02 -7.32897475756350936e+00 -3.45360193487215952e+01 -4.83867619898798011e+02 -1.55043003946878855e+02 1.51378532067415136e+02 5.43393574840920564e+02 3.56998172984707338e+01 1.18966187650931712e+01 7.13741977163514463e+00 8.07878042015271092e+01 5.75382449154727880e+01 4.46265750742565643e+01
3.28724096386906183e+02 1.09141320868308043e+02 6.52816145984562439e+01 -1.17604774506759728e+01 6.39220341041818898e+01 2.95941473772806376e+02 4.52452894025016619e+01 3.07554251519431659e+02 -2.34031489775354572e+02 -7.04666979648485547e+00 -3.36835155590480895e+01 -4.86356321873274567e+02 -1.55866631539047773e+02 1.47194340884174409e+02 5.28491097782346401e+02 3.57383876130017271e+01 1.19067996072907363e+01 7.14311164220816242e+00 8.59746405352703107e+01 6.12322841150895059e+01 4.74917029854461461e+01
3.09491620833544459e+02 1.02806704518087969e+02 6.15028028043822630e+01 -1.04812940564473394e+01 6.63492023327422942e+01 2.95017943508612575e+02 4.51095446733817695e+01 3.03822899906247187e+02 -2.38343455461561121e+02 -6.77701040509041430e+00 -3.28495151149986953e+01 -4.88678251594543553e+02 -1.56645056377401602e+02 1.43142040208935896e+02 5.13830852850756060e+02 3.57421023603691523e+01 1.19105701733409006e+01 7.14579877485490123e+00 9.12895764584577023e+01 6.50205406866453473e+01 5.04310556148103615e+01
2.91634199592414291e+02 9.69637773979764575e+01 5.80238109818404482e+01 -9.30991703915338853e+00 6.84580376838104172e+01 2.93833654697309669e+02 4.49287133827557952e+01 3.00006427566794571e+02 -2.42493999764302941e+02 -6.51952356623088836e+00 -3.20360414280852837e+01 -4.90848584843369053e+02 -1.57381603905113764e+02 1.39253160219716051e+02 4.99696297136087423e+02 3.57321041477912758e+01 1.19113697725710459e+01 7.14692366010580127e+00 9.67458678305923314e+01 6.89104334648475572e+01 5.34495690754484940e+01
2.75353960846176335e+02 9.15996373542254076e+01 5.48223337102017680e+01 -8.19331473199205540e+00 7.03937175011584486e+01 2.92409020891719081e+02 4.47102287920309180e+01 2.96135220429565095e+02 -2.46490369704936938e+02 -6.27368565305614023e+00 -3.12440872813124493e+01 -4.92880438821765551e+02 -1.58079299513802681e+02 1.35504422180240766e+02 4.86154324159330770e+02 3.57158674224534352e+01 1.19081287987161666e+01 7.14529701182591914e+00 1.02323148423984833e+02 7.28853911408413495e+01 5.65336110497391218e+01
2.60617567441817130e+02 8.66862089051769829e+01 5.18794255781196085e+01 -7.15447049089810605e+00 7.20787985986670208e+01 2.90624633410782451e+02 4.44604120797103661e+01 2.92234211010492857e+02 -2.50339609097559901e+02 -6.03895676307091733e+00 -3.04739689885986031e+01 -4.94785237783734203e+02 -1.58740928792511852e+02 1.31910480778940894e+02 4.73284128139571692e+02 3.57023679606287843e+01 1.19029965595385097e+01 7.14211443680455638e+00 1.08032906115685975e+02 7.69530824179314834e+01 5.96889675098368357e+01
2.47070609072495245e+02 8.21404148592067287e+01 4.91520890253080083e+01 -6.15088179706810845e+00 7.36721158505829692e+01 2.88752506088164125e+02 4.41843251899030420e+01 2.88322018418801008e+02 -2.54048523914600111e+02 -5.81479968694777405e+00 -2.97256034280411434e+01 -4.96573059797199733e+02 -1.59369064569761463e+02 1.28435940225588098e+02 4.60891337797482379e+02 3.56800796649787841e+01 1.18936392900833852e+01 7.13622242604725532e+00 1.13852623605448855e+02 8.10983268608196113e+01 6.29042015330227073e+01
2.34451456713532195e+02 7.79161558408749642e+01 4.66196840446862097e+01 -5.20994698084478891e+00 7.51002259415879223e+01 2.86794592187977855e+02 4.38858872592940017e+01 2.84411670752654004e+02 -2.57623630383918510e+02 -5.60068676913692176e+00 -2.89986659591153071e+01 -4.98252914005073649e+02 -1.59966074575445759e+02 1.25089021225173539e+02 4.48931322196378119e+02 3.56478672749634313e+01 1.18815422382296187e+01 7.12877972846120311e+00 1.19794508888136562e+02 8.53308899718090856e+01 6.61872741709415209e+01
2.22624651292974420e+02 7.39831488939692008e+01 4.42661550098801797e+01 -4.34480187714692434e+00 7.63234819985335662e+01 2.84731434083823387e+02 4.35681097473166545e+01 2.80512019086094767e+02 -2.61071118760930460e+02 -5.39610394659504777e+00 -2.82926837356165422e+01 -4.99832946149421332e+02 -1.60534124626637265e+02 1.21871982703063878e+02 4.37387669373678420e+02 3.56065670153662026e+01 1.18676988247941662e+01 7.12046815134056210e+00 1.25866088264803039e+02 8.96565338899456208e+01 6.95427839931506924e+01
2.11535656856318042e+02 7.03122558003930749e+01 4.20719967503904257e+01 -3.52470507529705035e+00 7.74377049990553274e+01 2.82648162725664349e+02 4.32333524153269266e+01 2.76629200913140835e+02 -2.64396843614717568e+02 -5.20055645326526061e+00 -2.76071116851031881e+01 -5.01320585779649662e+02 -1.61075186340199593e+02 1.18764741039642018e+02 4.26209246755262370e+02 3.55540150041762288e+01 1.18509053727664266e+01 7.11048841102009899e+00 1.32049670865324629e+02 9.40623690636951721e+01 7.29606223853082554e+01
2.01227820606085828e+02 6.69002831553881379e+01 4.00325081745276847e+01 -2.78174437923925311e+00 7.83276939500397020e+01 2.80358928819134974e+02 4.28835492233526665e+01 2.72767826873259139e+02 -2.67606335089538447e+02 -5.01357521248460358e+00 -2.69414001666548053e+01 -5.02722648646889581e+02 -1.61591051352473698e+02 1.15784213644649867e+02 4.15487682602548318e+02 3.54998606044526710e+01 1.18335564468815342e+01 7.10016693289750744e+00 1.38365955983827945e+02 9.85626685293370741e+01 7.64516987896619327e+01
1.91651917584179103e+02 6.37216702722356558e+01 3.81311253390932592e+01 -2.09178921720142519e+00 7.90698805205711750e+01 2.77932192591338833e+02 4.25203844631600276e+01 2.68931797842575918e+02 -2.70704820189412487e+02 -4.83472115079081366e+00 -2.62950416080114522e+01 -5.04045405314289326e+02 -1.62083349686157788e+02 1.12913998725901408e+02 4.05179361468289926e+02 3.54426952320705411e+01 1.18147342467856742e+01 7.08890025435738025e+00 1.44800964670730394e+02 1.03147227578392361e+02 8.00080211310207687e+01
1.82748610375705340e+02 6.07579800455164403e+01 3.63571335164949829e+01 -1.45969991670923660e+00 7.96483316310123257e+01 2.75350913286448417e+02 4.21454158990587757e+01 2.65124783045828053e+02 -2.73697245454351219e+02 -4.66358587460797125e+00 -2.56675859439901686e+01 -5.05294626130553866e+02 -1.62553568869586087e+02 1.10153178991854432e+02 3.95278180862373461e+02 3.53841448952284665e+01 1.17950293159517692e+01 7.07705376978344791e+00 1.51359058335256293e+02 1.07819189610602493e+02 8.36320458754046712e+01
1.74413383011425083e+02 5.79806756054905108e+01 3.46943863702333530e+01 -8.53966528783233869e-01 8.01709050231006586e+01 2.72763148822671837e+02 4.17601492912584789e+01 2.61350435157421259e+02 -2.76588297074165098e+02 -4.49978909524292803e+00 -2.50586279402747216e+01 -5.06475612411154032e+02 -1.63003071401116159e+02 1.07481413023802105e+02 3.85700489475422785e+02 3.53187135642433105e+01 1.17729047889104521e+01 7.06374290316854214e+00 1.58017944151690756e+02 1.12562843905857989e+02 8.73116438120733278e+01
1.66595820563444107e+02 5.53781786066807342e+01 3.31366404947247730e+01 -2.90948124151972687e-01 8.05845185077224357e+01 2.70118495694977526e+02 4.13660722379865931e+01 2.57612424092521110e+02 -2.79382417981166896e+02 -4.34297434519781511e+00 -2.44677795408505148e+01 -5.07593222301353364e+02 -1.63433109616350293e+02 1.04904417261322308e+02 3.76458334334388837e+02 3.52492032207722019e+01 1.17495505108541582e+01 7.04971044680513614e+00 1.64789743697440542e+02 1.17386965618746601e+02 9.10536651791965994e+01
1.59224886379175643e+02 5.29281934005782162e+01 3.16706786484725384e+01 2.63340408037095797e-01 8.10037929047543486e+01 2.67562997683698143e+02 4.09646570627759274e+01 2.53914362032103526e+02 -2.82083822846328758e+02 -4.19280460713927994e+00 -2.38946418768672686e+01 -5.08651897078908974e+02 -1.63844838047633658e+02 1.02402579127049478e+02 3.67479410817319604e+02 3.51704648271873879e+01 1.17233206972621939e+01 7.03397488673785443e+00 1.71647369589490864e+02 1.22272295481246431e+02 9.48431807940770000e+01
1.52303952761598566e+02 5.06299084351284492e+01 3.02957362592450430e+01 7.70729863693301986e-01 8.12994609106270616e+01 2.64934111086555959e+02 4.05573430935759376e+01 2.50259678629799225e+02 -2.84696511827595828e+02 -4.04895890325268137e+00 -2.33387866122261727e+01 -5.09655690464152656e+02 -1.64239323769867383e+02 9.99931492080427233e+01 3.58828881758964542e+02 3.50902124692283124e+01 1.16966938488195797e+01 7.01801188602840931e+00 1.78622067432118342e+02 1.27241041848514101e+02 9.86974018108124369e+01
1.45806454478692871e+02 4.84718703140801281e+01 2.90046360379875239e+01 1.23568600060763778e+00 8.14852258569689525e+01 2.62241934526696980e+02 4.01455081942092420e+01 2.46651490375925533e+02 -2.87224283373454966e+02 -3.91113019910539661e+00 -2.27997495503346990e+01 -5.10608300894342051e+02 -1.64617555210093144e+02 9.76714175004789951e+01 3.50494009930595610e+02 3.50089432992473562e+01 1.16697037032094446e+01 7.00182771539778681e+00 1.85712211798354588e+02 1.32291981442293689e+02 1.02615361192509653e+02
1.39690155543404558e+02 4.64388835631640120e+01 2.77881648740007599e+01 1.68146890605831789e+00 8.16387678439780871e+01 2.59578374715819109e+02 3.97304379559715102e+01 2.43092492942285219e+02 -2.89670746000295537e+02 -3.77902447983419032e+00 -2.22770344060981316e+01 -5.11513105249670900e+02 -1.64980449736471343e+02 9.54238531045399725e+01 3.42427962193479061e+02 3.49235922089893549e+01 1.16412679370172647e+01 6.98476747520753527e+00 1.92897915534601623e+02 1.37410921983303467e+02 1.06586044579565680e+02
