-1.86844317795475945e-10 5.81977059580213790e+02 4.98753261070309691e+02 -5.90299692246431910e-03 -1.04033415614571793e-02 -1.41098368299426898e-03 -2.25649115438821268e-02 1.06463882454849411e-02 1.87195028119972739e-09 -1.50293913917695192e-02 7.07989157188983979e-03 1.22774687014159944e-08 6.95288234278668149e-09 1.11173075603150599e-02 -1.83241027386371602e-09 -6.56906264952759888e-12 1.45518824381888896e-04 1.24730421027430049e-04 3.52202786183019384e-09 2.93452768832299930e-09 2.48948190146582997e-09
-1.25249812299443875e-07 1.62749831512737865e+03 1.39410950001420656e+03 -1.47581733593758230e-01 -2.60671435700375764e-01 -3.47231403433027747e-02 -2.01677799613607212e-01 9.60569230833171472e-02 1.37242183089435199e-07 -1.33553653142695433e-01 6.27336674473403660e-02 9.97906331123843415e-07 5.93129161341465760e-07 2.78645652443471281e-01 -6.70634770980060857e-07 -4.38227421299848541e-09 3.66420085828311325e-03 3.14074367865146715e-03 7.98168549618863643e-07 6.64716522497556440e-07 5.63642421650993555e-07
-7.77067953094956465e-07 2.14933825433739776e+03 1.84067979521473944e+03 -3.62692468015638148e-01 -6.41336588344202374e-01 -8.46635693277093260e-02 -3.74438631154205837e-01 1.79894995654408196e-01 4.70974879063570939e-07 -2.46839725176749736e-01 1.15597780643128450e-01 3.46228532013825863e-06 2.04407508454240716e-06 6.85407091761237708e-01 -3.69563305446796164e-06 -2.71878716332808745e-08 9.04455685551828516e-03 7.75247783728048867e-03 3.68149173137779872e-06 3.06522816391227363e-06 2.59852630986751444e-06
-4.75367392027692404e-06 2.80378753394087335e+03 2.40048322921110139e+03 -8.78785906958922336e-01 -1.55607741515129061e+00 -2.03003293040317223e-01 -6.91669338339919060e-01 3.37439614722874259e-01 1.61846523686129395e-06 -4.52817162253629280e-01 2.10810226069347795e-01 1.19569248763773395e-05 6.94077909380030889e-06 1.66204024407908202e+00 -2.04336189875142793e-05 -1.66321166564058209e-07 2.20529630043290494e-02 1.89025429759843745e-02 1.67735141231975976e-05 1.39618537800756694e-05 1.18327977158073824e-05
-2.84259726868185680e-05 3.59528525348869334e+03 3.07722293816077126e+03 -2.08734736850630753e+00 -3.70207789819891619e+00 -4.75424255480706826e-01 -1.26644899516907450e+00 6.34516126194631713e-01 5.55066801198600412e-06 -8.20949905043441230e-01 3.77816805687716861e-01 4.09422461304931318e-05 2.30040873756554021e-05 3.94966261794812468e+00 -1.12067976543617220e-04 -9.94579792280847474e-07 5.28565541435888839e-02 4.53056373210939251e-02 7.51234287320224237e-05 6.25124251156594315e-05 5.29642235271582661e-05
-1.64135077284299769e-04 4.50468659836875668e+03 3.85448037225011831e+03 -4.82564180008864962e+00 -8.57366072780604327e+00 -1.07775468659069817e+00 -2.28429667573866224e+00 1.19731753869317292e+00 1.89038529869040017e-05 -1.46220196930068069e+00 6.58056878472745077e-01 1.37970152766175858e-04 7.31355481301543264e-05 9.12930165834550422e+00 -6.00012113752157461e-04 -5.74298494960406858e-06 1.23783011250168828e-01 1.06099836448081283e-01 3.28741866224564533e-04 2.73477345535336398e-04 2.31639695864993675e-04
-8.98206619922348182e-04 5.47268061116759509e+03 4.68156504493900502e+03 -1.07574352531373698e+01 -1.91439955058817048e+01 -2.33541599452878490e+00 -4.01818956731380084e+00 2.26885208535654792e+00 6.34198236652561143e-05 -2.53918750744718658e+00 1.09449307752105529e+00 4.51233414866747395e-04 2.16178046578363592e-04 2.03249603846677580e+01 -3.06453243362980743e-03 -3.14293242674040796e-05 2.81055743805173952e-01 2.40905539191434648e-01 1.39476241491558552e-03 1.15999389541255162e-03 9.82282493369086157e-04
-4.51550146635781857e-03 6.37915760843865974e+03 5.45587108823514518e+03 -2.28288013970423371e+01 -4.06670636777965342e+01 -4.74522045722640939e+00 -6.78487781179637839e+00 4.31387318041651469e+00 2.06805443748347972e-04 -4.26272259856071578e+00 1.69099689010482224e+00 1.39491678112158013e-03 5.60185719952199790e-04 4.30115915082698450e+01 -1.44036819873285538e-02 -1.58018116652336449e-04 6.12190595995561471e-01 5.24737894715818110e-01 5.67677518293410559e-03 4.72025798879271118e-03 3.99627055490546848e-03
-1.96849759076940245e-02 7.02535328968062277e+03 6.00758569599914244e+03 -4.52664209457049296e+01 -8.05751297175874868e+01 -8.74377231347573414e+00 -1.07332519219330038e+01 8.19072016131360492e+00 6.41101181526215758e-04 -6.86604563474619756e+00 2.32058014759683129e+00 3.86785741919126735e-03 1.11601267832117657e-03 8.49203457627205580e+01 -5.85064769081355962e-02 -6.88992445167957435e-04 1.25957033984525069e+00 1.07964524001150508e+00 2.18239022981420172e-02 1.81436671051106724e-02 1.53582802896230948e-02
-6.55471595800918294e-02 7.14238177538099080e+03 6.10695629398239089e+03 -8.15357149018194320e+01 -1.44400116486623858e+02 -1.36464000643613854e+01 -1.53462174636774726e+01 1.53435872613376709e+01 1.82233633847017629e-03 -1.05680641859708544e+01 2.60999772829619969e+00 8.54092751692547836e-03 1.01190227835257218e-03 1.52326156092995831e+02 -1.79848039148950534e-01 -2.29498829617769129e-03 2.39189405477161454e+00 2.05024001067856965e+00 7.74320755645168668e-02 6.43664954286018304e-02 5.44782708259877180e-02
-1.06879803071478818e-01 6.49319116965466219e+03 5.55143108775733981e+03 -1.28136991154089117e+02 -2.23501664100947750e+02 -1.50206657710468150e+01 -1.88817674852376562e+01 2.77409169664720032e+01 4.47846330760670597e-03 -1.55273371576268246e+01 1.97594066243287214e+00 9.81925692988383503e-03 -2.87320365432908176e-03 2.39886410572699333e+02 -2.64603324262083106e-01 -3.74452723174822921e-03 4.06384507226660219e+00 3.48336959130104251e+00 2.45766373598313104e-01 2.04279709173488477e-01 1.72883027985918952e-01
1.07992981086226791e-02 5.77007606115559520e+03 4.93302296720305640e+03 -1.54089931073742349e+02 -2.63950987443782083e+02 -1.02864274072793211e+01 -1.94340551402511394e+01 3.81109538688389335e+01 6.80249149939715636e-03 -1.89750089507643800e+01 9.96690791338534110e-01 -6.02263259246171856e-04 -8.03934743787948491e-03 2.91215752875020144e+02 3.73847947935956881e-02 3.78579380850618818e-04 5.20697595871673613e+00 4.46311476660339679e+00 4.53319608382186323e-01 3.76788524391583168e-01 3.18871533209941549e-01
8.74292450228722373e-01 4.43890922700982173e+03 3.79480030502809268e+03 -1.85037077023229983e+02 -3.01729896499738402e+02 1.06372474776191659e+01 -1.69858640492962252e+01 5.95643588922866059e+01 9.81323232854736105e-03 -2.48094494486513319e+01 -1.51632274475076168e+00 -5.52446250328131327e-02 -1.46311826545719725e-02 3.62043470769024452e+02 1.90427959624051368e+00 3.06958901153877584e-02 7.15934425561570809e+00 6.13596970990954116e+00 1.10716322711452930e+00 9.20263594930764928e-01 7.78825959661695544e-01
1.57345898322591893e+00 3.61610139485646505e+03 3.09130507827016299e+03 -2.08914576233569903e+02 -3.25482195054173246e+02 3.48084735619311587e+01 -1.14639736032284461e+01 8.05763644304243201e+01 6.52575387526077577e-03 -2.90112148154771248e+01 -4.43462017033168365e+00 -1.08033842844832861e-01 -8.38134218140496046e-03 4.21240979406187023e+02 3.12237832904784796e+00 5.53516112317202769e-02 9.13264070582853904e+00 7.82686597107577597e+00 2.20488281718366208e+00 1.83266818182891189e+00 1.55099586922491817e+00
-7.50781019621626911e-02 3.17399891667269640e+03 2.71334487209221970e+03 -2.39159577258198880e+02 -3.63194613042182880e+02 5.49847811791671148e+01 -2.58931470304701605e+00 1.00939005791559424e+02 -5.56433063117101057e-03 -3.19115641055315464e+01 -7.69149549978976310e+00 -9.41824380516678161e-02 -1.56779553961428064e-03 4.85357419413567357e+02 -7.07699294401606949e-02 -2.64745596731152943e-03 1.14536057257672503e+01 9.81743008314128573e+00 3.97957888375310187e+00 3.30737356046316888e+00 2.79867674253977494e+00
-3.81599222895840740e+00 2.81955469544738889e+03 2.41037094753001111e+03 -2.62893388997093894e+02 -3.87878477843006863e+02 7.77374569573264154e+01 9.76147342937900220e+00 1.20184779044860221e+02 -2.35539072807338101e-02 -3.39790654892745962e+01 -1.09376036064752231e+01 -2.85378164901501918e-02 -1.05123930646797703e-02 5.36252007070944728e+02 -6.27753592906788072e+00 -1.34943761540752938e-01 1.36914546510369384e+01 1.17383060554140108e+01 6.47138907872515645e+00 5.37741160495962944e+00 4.54950870353298775e+00
-4.96269035256966617e+00 2.39851848118793760e+03 2.05044848896572694e+03 -2.61455152253091683e+02 -3.60298417507346187e+02 1.11618805557532227e+02 2.36432367679222324e+01 1.37144522122330301e+02 -4.07349043599438687e-02 -3.53962801900200716e+01 -1.36972102913556970e+01 1.94142272751918199e-03 -2.95330272014986406e-02 5.52576556232309258e+02 -7.63775187947106815e+00 -1.76068436487453184e-01 1.51856485376758599e+01 1.30199393123425722e+01 9.36525305421086784e+00 7.78176757882963166e+00 6.58340014712923427e+00
-1.27436827235669625e-01 1.96058025218299963e+03 1.67599978902233920e+03 -2.37705306600368004e+02 -2.87528324240079144e+02 1.52710330892201114e+02 3.63831719769806554e+01 1.51057983631198965e+02 -5.17910964426899767e-02 -3.61138385293829316e+01 -1.58019690064686493e+01 -5.13861445078163115e-02 -4.01675469387470230e-02 5.40572192622034436e+02 -1.72592959225369214e-01 -4.53802789549051511e-03 1.59181517514834141e+01 1.36442260898621761e+01 1.24036366681344603e+01 1.03079472918798629e+01 8.72201100270473262e+00
6.62410241769805452e+00 1.61875510385331518e+03 1.38368534504610943e+03 -2.12601545810723650e+02 -2.15942373016868061e+02 1.88638175001765148e+02 4.68884149229351408e+01 1.62268541552987330e+02 -5.84607512333619184e-02 -3.61976480482604472e+01 -1.74267459704206011e+01 -1.43421794445956152e-01 -3.56200991393755828e-02 5.24846973449598408e+02 9.01538508517009518e+00 2.36862108935686599e-01 1.64942255181557016e+01 1.41328131101653707e+01 1.58377435341930664e+01 1.31643039372063981e+01 1.11412757622797134e+01
7.90301925444350672e+00 1.41084685953890676e+03 1.20592946528923312e+03 -2.01753865896543459e+02 -1.79712687127067625e+02 2.12314698720130139e+02 5.58701458121254078e+01 1.71581868733729493e+02 -6.76687453776665393e-02 -3.58371126566227360e+01 -1.87656982407498809e+01 -1.92757960556221519e-01 -2.63933357571879412e-02 5.21327074528146113e+02 1.01476031213411773e+01 2.83887160418024642e-01 1.74231028233511367e+01 1.49278748220858599e+01 2.02165705933808439e+01 1.68041164675040307e+01 1.42218949151076437e+01
1.15314906576440990e+00 1.28988474761890120e+03 1.10262665459522646e+03 -2.02933958957117142e+02 -1.72827782923311815e+02 2.27379722274793664e+02 6.45225546012129172e+01 1.79485374595612313e+02 -8.33621052386313011e-02 -3.52529843830672078e+01 -1.98890875916572831e+01 -1.67850561156086542e-01 -2.66549824773782973e-02 5.26910434854478467e+02 1.37706555467212866e+00 4.16302681994240587e-02 1.86677481542326262e+01 1.59999990122651425e+01 2.57624772535975310e+01 2.14097026289547472e+01 1.81156839444427824e+01
-7.92415210286662841e+00 1.18455983507045312e+03 1.01273789938493155e+03 -2.02095361845625973e+02 -1.62632058577374579e+02 2.42599605764832717e+02 7.32153161912629002e+01 1.85960816248430604e+02 -1.02266382824222291e-01 -3.45805715392113697e+01 -2.07672619567586452e+01 -1.11834729684474610e-01 -3.84180187480218649e-02 5.28270896297395439e+02 -9.23168142229042132e+00 -2.87629369402562673e-01 1.97842960398627739e+01 1.69645025606127113e+01 3.20276410050353775e+01 2.66106530250211719e+01 2.25108330892189699e+01
-1.00650681037529353e+01 1.05742104568183254e+03 9.04094718115726891e+02 -1.89169367752920351e+02 -1.25871297116544042e+02 2.62068966835799415e+02 8.13670089456721684e+01 1.90899530650296953e+02 -1.17247343107614199e-01 -3.38304896053283670e+01 -2.13768513575931394e+01 -8.80538860170929638e-02 -5.14784049090941664e-02 5.17299174742668015e+02 -1.11912844667637046e+01 -3.67483432433663104e-01 2.04271101342479753e+01 1.75174648594726179e+01 3.83115859963420888e+01 3.18305991064195304e+01 2.69253046382058301e+01
-2.87469516404786418e+00 9.20669086578217502e+02 7.87071770793871110e+02 -1.67125334512856682e+02 -6.95974439234267948e+01 2.82529067642914526e+02 8.82806743680692563e+01 1.94491958081163773e+02 -1.24273436395760939e-01 -3.29691337073342794e+01 -2.17624527708906470e+01 -1.16276813839661486e-01 -5.59555236130044875e-02 4.97681950068009428e+02 -3.11142486421167064e+00 -1.05617352729394653e-01 2.06735367694346586e+01 1.77226702864790724e+01 4.44371403767431730e+01 3.69255107860946765e+01 3.12405734663873318e+01
6.46621624403047690e+00 8.04460577547112962e+02 6.87561716241488057e+02 -1.46231696858127464e+02 -1.78439710822897837e+01 2.99009237695753029e+02 9.38136687952598152e+01 1.97133192136425635e+02 -1.25940354047848757e-01 -3.19972536165843024e+01 -2.19994236922308559e+01 -1.65822269593618898e-01 -5.12990761771661141e-02 4.78379133323013605e+02 6.48320429613033866e+00 2.39163706646221108e-01 2.08601430672522916e+01 1.78743562540321008e+01 5.09282976549872757e+01 4.23269079581919385e+01 3.58180008461897046e+01
9.55833578709334120e+00 7.22618061959470879e+02 6.17535794501958890e+02 -1.33596056038596601e+02 1.28852305902966311e+01 3.09654310160581531e+02 9.83272061308535825e+01 1.99096653266175736e+02 -1.28084596400537265e-01 -3.09570811363304301e+01 -2.21368697014263276e+01 -1.95351992922184081e-01 -4.43764517894038590e-02 4.64852831359203947e+02 9.23812485812749173e+00 3.56044902380520334e-01 2.12374969472003308e+01 1.81948101903780959e+01 5.84641308056250750e+01 4.85922855662956863e+01 4.11223249608923993e+01
4.27632335841860822e+00 6.66330889823437360e+02 5.69516952699665353e+02 -1.27787073763720301e+02 2.63936887518028129e+01 3.16986605315503994e+02 1.02257402810984701e+02 2.00412246635698580e+02 -1.33642946148647468e-01 -2.99006113449715656e+01 -2.21859547381410493e+01 -1.88541865294070021e-01 -4.19009709397535346e-02 4.55706116526518485e+02 3.92672811135895472e+00 1.60487936693126443e-01 2.17742896166586490e+01 1.86596492837188528e+01 6.71657732097471154e+01 5.58193791544818723e+01 4.72329186283911540e+01
-4.24220456743074692e+00 6.18549377901009393e+02 5.28843041799387834e+02 -1.22557637127431335e+02 3.79673980711268655e+01 3.24350513539133544e+02 1.05819708858328269e+02 2.01010993053816094e+02 -1.40308902074288255e-01 -2.88633626782319439e+01 -2.21420299493637103e+01 -1.58202356701309554e-01 -4.52503232101442165e-02 4.46385839044624845e+02 -3.94475624012514459e+00 -1.60464920454464810e-01 2.22705107153889514e+01 1.90931161350518650e+01 7.65216869372796680e+01 6.35868561318613956e+01 5.37968970912241673e+01
-8.23317441838244690e+00 5.68313203558575310e+02 4.85987123015269162e+02 -1.13287460115411278e+02 5.88797854009743844e+01 3.32364189114190140e+02 1.09003668733156090e+02 2.00907732846177794e+02 -1.43601613395915706e-01 -2.78572213122749872e+01 -2.20072952247743636e+01 -1.28552784023483468e-01 -5.08845439859868520e-02 4.34007952185475688e+02 -7.32215749414734773e+00 -3.14003366058996924e-01 2.25746722430837643e+01 1.93579118752439321e+01 8.59047930839567186e+01 7.13808993415328956e+01 6.03873233038121455e+01
-4.77281419994665157e+00 5.16607927859341771e+02 4.41717532259624193e+02 -1.01017508530431201e+02 8.65730130096628727e+01 3.38734680802478238e+02 1.11717156731988382e+02 2.00247415929792140e+02 -1.41275311517233604e-01 -2.68778119232848418e+01 -2.17991213580611642e+01 -1.16931221325231149e-01 -5.42049777809516797e-02 4.19634838047882567e+02 -4.15618642803698890e+00 -1.83601241944161053e-01 2.27242746670402695e+01 1.94828305297040103e+01 9.52537119389048996e+01 7.91538152816153655e+01 6.69679331676527170e+01
1.87931630744429867e+00 4.69890210363377491e+02 4.01633869577558016e+02 -8.95379194923861093e+01 1.11768061891028708e+02 3.42131961619476328e+02 1.13908389282152740e+02 1.99228377379846222e+02 -1.34739063602850706e-01 -2.59171795414420103e+01 -2.15444185755132871e+01 -1.26243328122214393e-01 -5.29211038329364669e-02 4.05798459474661513e+02 1.45204497225475393e+00 7.29429955898934779e-02 2.28484075035794554e+01 1.95823749386948229e+01 1.05007217130835485e+02 8.72663081719185811e+01 7.38400387411812602e+01
5.60406082370579384e+00 4.31261741926718173e+02 3.68524071679222118e+02 -8.03701980885753358e+01 1.30835960921060462e+02 3.44398143842442607e+02 1.15602211396857882e+02 1.98006376240887960e+02 -1.27157542640233601e-01 -2.49729031849977687e+01 -2.12670132905541323e+01 -1.47569031345355484e-01 -4.77624284134066102e-02 3.93329624164771076e+02 4.39703368710129894e+00 2.19538031002154632e-01 2.29984645235467013e+01 1.97069241127458312e+01 1.15438547005054915e+02 9.59393488251535587e+01 8.11835866242066970e+01
4.08966978120304248e+00 3.99690804765222765e+02 3.41568679603875808e+02 -7.32226850979762105e+01 1.44640419050532728e+02 3.47199010712575216e+02 1.16875331781655149e+02 1.96650659035221651e+02 -1.20890714349961570e-01 -2.40494782254177721e+01 -2.09778098797272037e+01 -1.67538196658682637e-01 -4.10505775549694363e-02 3.81981483190821336e+02 3.09859347405185304e+00 1.61752188059741897e-01 2.31677974911220090e+01 1.98535845852039472e+01 1.26577529284038064e+02 1.05195520559301031e+02 8.90144861812845534e+01
-2.66611799197448818e-01 3.72366460890475764e+02 3.18316514486584992e+02 -6.71260927222768657e+01 1.55661412465374724e+02 3.50306058134020191e+02 1.17816130190687559e+02 1.95157139716303959e+02 -1.16495908869310938e-01 -2.31541458055785085e+01 -2.06745919825380398e+01 -1.75517340131861488e-01 -3.49064515669539333e-02 3.71238941366578160e+02 -2.91832809451307185e-01 -1.06492353732212663e-02 2.33308702697814034e+01 1.99981914906119833e+01 1.38298962206410749e+02 1.14933375514221495e+02 9.72494808891570415e+01
-3.34070134543766528e+00 3.46985972228921923e+02 2.96699374630828800e+02 -6.10869119787315071e+01 1.66381615012307748e+02 3.52455678068551720e+02 1.18496813355299565e+02 1.93488901121144124e+02 -1.13356405423886031e-01 -2.22922582863842749e+01 -2.03502203334297960e+01 -1.67647902924699110e-01 -3.03537343654838310e-02 3.60655140004141174e+02 -2.56432414784782736e+00 -1.34792442359367826e-01 2.34621332207721203e+01 2.01142862494091368e+01 1.50407873847869098e+02 1.24994837922493218e+02 1.05759885316650681e+02
-3.03393798167687123e+00 3.22984304524823813e+02 2.76176156578465225e+02 -5.49411752974299716e+01 1.77208459675545726e+02 3.52575726806049488e+02 1.18964042886457491e+02 1.91614974974924053e+02 -1.10685373325082992e-01 -2.14654904155669612e+01 -2.00017089224146147e+01 -1.46872618643172359e-01 -2.74146890086370831e-02 3.50222309930798758e+02 -2.28009775656198599e+00 -1.23686958623624221e-01 2.35616478287272670e+01 2.01993114332706334e+01 1.62842275142002052e+02 1.35329872922075651e+02 1.14506050520906001e+02
-5.42505160708500966e-01 3.00673744037812753e+02 2.57039182160175301e+02 -4.86574370683219470e+01 1.88282121406704363e+02 3.51335112901016032e+02 1.19242723901499517e+02 1.89532592113787700e+02 -1.07964380798534876e-01 -2.06728026974363388e+01 -1.96336289298047930e+01 -1.19985644286074944e-01 -2.56195791689890484e-02 3.39925846316662330e+02 -4.59476685527363315e-01 -2.23511062438657149e-02 2.36289386527656298e+01 2.02540367720897834e+01 1.75561881916076572e+02 1.45903420226667805e+02 1.23456795911435108e+02
1.57789260378362428e+00 2.80535860302876358e+02 2.39766532569117032e+02 -4.26511684464323153e+01 1.98640615223712700e+02 3.49829324524909737e+02 1.19345219572586473e+02 1.87270414793559212e+02 -1.04832482168426111e-01 -1.99122690766111461e+01 -1.92552496077117965e+01 -9.38716372761518869e-02 -2.44206626578602481e-02 3.29940290395670502e+02 1.02664827072098319e+00 6.57092770060874187e-02 2.36769881281587011e+01 2.02925977860350066e+01 1.88649032672783818e+02 1.56781751300346286e+02 1.32664959931713724e+02
1.88057730943438628e+00 2.62640546153251307e+02 2.24459601936351561e+02 -3.74116447179801384e+01 2.07090634312567659e+02 3.48520086745300148e+02 1.19280110211113183e+02 1.84877678088166078e+02 -1.00916191608270367e-01 -1.91822689686971017e+01 -1.88754714308228841e+01 -7.29149819872532134e-02 -2.33746045570839556e-02 3.20473206607298152e+02 1.21630301023247966e+00 7.91694777724680776e-02 2.37228223566770282e+01 2.03314597666210020e+01 2.02240586580019112e+02 1.68077968853819044e+02 1.42224499117186610e+02
7.27028541931730388e-01 2.46516767067131354e+02 2.10708581904173400e+02 -3.27376770167885809e+01 2.14143493286900792e+02 3.47535722917987357e+02 1.19057601434746232e+02 1.82407690697469263e+02 -9.58871065722419758e-02 -1.84817428991271235e+01 -1.84996410402476386e+01 -5.83642977309892785e-02 -2.21885198419187191e-02 3.11420043069040844e+02 4.27192374064460978e-01 3.09446354961551151e-02 2.37615743618413546e+01 2.03661228161572723e+01 2.16291435317249011e+02 1.79755318225299504e+02 1.52104863457454712e+02
-5.78635841444565813e-01 2.31735861178494048e+02 1.98111181026155350e+02 -2.84026656970265385e+01 2.20345646137763168e+02 3.46408688929615209e+02 1.18691275772818173e+02 1.79903944433466791e+02 -8.96515891718436819e-02 -1.78099470306100685e+01 -1.81294418598577849e+01 -4.91939940867780479e-02 -2.07280666312286144e-02 3.02697076071889455e+02 -4.32018030667649100e-01 -2.49025079780675895e-02 2.37891013745306630e+01 2.03914206181691107e+01 2.30735973618316279e+02 1.91760101799169689e+02 1.62262216477133364e+02
-1.03342120037044083e+00 2.18084828255758396e+02 1.86455615463363870e+02 -2.43295959256563457e+01 2.25869151414885607e+02 3.44615912989483945e+02 1.18197375629820584e+02 1.77393618836865528e+02 -8.24457078427300871e-02 -1.71661710096162068e+01 -1.77645678466816150e+01 -4.34637904406685038e-02 -1.90075540341467786e-02 2.94292456040116861e+02 -7.12906666535658928e-01 -4.49719778237982482e-02 2.38063382983343743e+01 2.04068168576010471e+01 2.45549299173220845e+02 2.04071728693132371e+02 1.72680210972091004e+02
-5.90379644424103844e-01 2.05503611616048147e+02 1.75687905585484060e+02 -2.05628145106322364e+01 2.30608310973208575e+02 3.42045906529866443e+02 1.17593124292721910e+02 1.74888634875266064e+02 -7.47415798405981491e-02 -1.65496043338109544e+01 -1.74043961808951408e+01 -3.93807930029197450e-02 -1.71476323533426012e-02 2.86229505801441121e+02 -4.16188320588261718e-01 -2.59796008661359323e-02 2.38170653780594925e+01 2.04154301926742612e+01 2.60750924290991065e+02 2.16706008691179022e+02 1.83372134608197001e+02
1.12656731138500277e-01 1.93947896232964581e+02 1.65788549250177653e+02 -1.71397306188160776e+01 2.34502789842418821e+02 3.39022521879267345e+02 1.16895155175573734e+02 1.72391160087118607e+02 -6.70466934313580509e-02 -1.59593236455407474e+01 -1.70487706692675118e+01 -3.57813675268090492e-02 -1.53056759569167866e-02 2.78510441032989434e+02 3.23629168604924189e-02 5.01292480466108969e-03 2.38235030193658979e+01 2.04199901463434692e+01 2.76363501193421371e+02 2.29681515756247677e+02 1.94352949676972116e+02
4.73343669874061845e-01 1.83282196369178877e+02 1.56660072229289767e+02 -1.38699383789497688e+01 2.38084707684248229e+02 3.36122627051758855e+02 1.16118494435439516e+02 1.69899776689374107e+02 -5.97345285456469810e-02 -1.53943229034238804e+01 -1.66980002472135922e+01 -3.21479251778811204e-02 -1.36087478486146551e-02 2.71040562209762413e+02 2.56677732895980171e-01 2.12974342376686110e-02 2.38194055919039762e+01 2.04159727261376318e+01 2.92313323901739011e+02 2.42937158771417614e+02 2.05570391321501262e+02
3.63891398035519842e-01 1.73434227506584079e+02 1.48245010219859182e+02 -1.08224124460166262e+01 2.41189819669223823e+02 3.33358290050723667e+02 1.15276101382962111e+02 1.67413794726373084e+02 -5.29846953764518958e-02 -1.48535437620345263e+01 -1.63525692081437555e+01 -2.84085973040220097e-02 -1.21176417237336409e-02 2.63843767412532486e+02 1.90244357685060095e-01 1.65542949668440187e-02 2.38083668771879040e+01 2.04066581175387611e+01 3.08629343692287705e+02 2.56497278235219142e+02 2.17045023805388752e+02
4.55620573860144873e-02 1.64288329222538380e+02 1.40436681184070892e+02 -7.87582298555592342e+00 2.44129944807362790e+02 3.30704627007252896e+02 1.14378798653426344e+02 1.64935017381725032e+02 -4.68220603183482353e-02 -1.43359004646286152e+01 -1.60129228509315773e+01 -2.47121899444096016e-02 -1.08288667402476335e-02 2.56872048963438942e+02 1.44956789820582799e-03 2.09551317842837648e-03 2.37875699701459524e+01 2.03892807747826907e+01 3.25253692030551235e+02 2.70313815872704481e+02 2.28736465389638624e+02
-1.74251150473160976e-01 1.55804532094311440e+02 1.33191361629041182e+02 -5.12636203272758983e+00 2.46642572620473516e+02 3.27863370602129464e+02 1.13435426969526702e+02 1.62467555876308893e+02 -4.11965906586786446e-02 -1.38403044412463228e+01 -1.56794137080824783e+01 -2.12635096257969280e-02 -9.70087512012440811e-03 2.50164025464077326e+02 -1.24377055322980823e-01 -8.10140068644749078e-03 2.37619923678849716e+01 2.03676723441338794e+01 3.42229288513256165e+02 2.84422227491120225e+02 2.40674957245822355e+02
-1.84635846869120712e-01 1.47937801402429386e+02 1.26466994000867686e+02 -2.61726228181173859e+00 2.48609324206457842e+02 3.24721339726177291e+02 1.12453117692989196e+02 1.60016723515150545e+02 -3.60503602122790312e-02 -1.33656891899680499e+01 -1.53523307674341947e+01 -1.82292777921730931e-02 -8.68430285988353035e-03 2.43730209803196374e+02 -1.25938164036995204e-01 -8.67635245927189658e-03 2.37342640730688004e+01 2.03439219820564645e+01 3.59580650447012374e+02 2.98842690403354482e+02 2.52877612521329013e+02
-6.83790073741832316e-02 1.40614298693083640e+02 1.20203004742745875e+02 -2.48366221682593924e-01 2.50297077055566149e+02 3.21456004236928607e+02 1.11437622124297476e+02 1.57587853829371824e+02 -3.13489290256185882e-02 -1.29110311723892792e+01 -1.50319241259365892e+01 -1.56971809365273884e-02 -7.74217188558878888e-03 2.37523600103960689e+02 -5.55755352841345029e-02 -3.24721469239008798e-03 2.37013996507346789e+01 2.03155848697712678e+01 3.77255071386832697e+02 3.13531408421286415e+02 2.65307287539655590e+02
4.21375503814189756e-02 1.33806654730431660e+02 1.14380161957778782e+02 1.88447142210064156e+00 2.51458685374903041e+02 3.18058149207684608e+02 1.10393656145370244e+02 1.55185483664658079e+02 -2.70820058585385937e-02 -1.24753627438891144e+01 -1.47183965232205622e+01 -1.36699577391965477e-02 -6.85639145120831017e-03 2.31569392385538663e+02 9.41200703371691816e-03 2.02184047983600124e-03 2.36673608795274681e+01 2.02862477774957810e+01 3.95308140852272572e+02 3.28534741415702399e+02 2.78003135641826304e+02
7.77530405707835826e-02 1.27454205888340312e+02 1.08948793724314726e+02 3.85830660318913532e+00 2.52299014892111302e+02 3.14665935914399881e+02 1.09325224504253299e+02 1.52812996805856812e+02 -2.32498655169521840e-02 -1.20577763595092300e+01 -1.44118803514072074e+01 -1.20817677022699854e-02 -6.02435277134816261e-03 2.25831068806815892e+02 3.09200327398855279e-02 3.76877071621528614e-03 2.36299162907161673e+01 2.02541000566575349e+01 4.13698063477448613e+02 3.43818098142886811e+02 2.90935870701905287e+02
4.81592294745851746e-02 1.21522467442712099e+02 1.03879109427062076e+02 5.65701810864237853e+00 2.52773053121965461e+02 3.11252448768776105e+02 1.08235894178570049e+02 1.50472633802122459e+02 -1.98497267805706201e-02 -1.16574220620576341e+01 -1.41124270089174875e+01 -1.08266840865098857e-02 -5.25166224145579008e-03 2.20307895269230841e+02 1.59767953831249088e-02 2.35763156708745925e-03 2.35903299834964315e+01 2.02202121677866984e+01 4.32437575068127444e+02 3.59392093480350240e+02 3.04114498076048619e+02
4.05848335063296872e-05 1.15961356512739329e+02 9.91268194561023392e+01 7.37748915174475783e+00 2.53133403281811866e+02 3.07889003949367520e+02 1.07128996145614735e+02 1.48165716389712998e+02 -1.68685650504301066e-02 -1.12735012090654401e+01 -1.38200188512323905e+01 -9.78967308029154992e-03 -4.54558357325396400e-03 2.14962008075513211e+02 -8.77620315972649223e-03 2.00622010293471931e-06 2.35458098014879376e+01 2.01821226273970780e+01 4.51464257931489499e+02 3.75204788593504873e+02 3.17495092597387838e+02
-2.76375954909653387e-02 1.10752867060652932e+02 9.46753125896608481e+01 8.96736117314707037e+00 2.53237943968214068e+02 3.04480443285650153e+02 1.06007748167548868e+02 1.45892950742810228e+02 -1.42823394229978362e-02 -1.09052589730159681e+01 -1.35345958278249299e+01 -8.87181031559691746e-03 -3.91111935454091508e-03 2.09806832760497741e+02 -2.21719418201189455e-02 -1.37922052432593034e-03 2.34989520739031263e+01 2.01419994784050189e+01 4.70813800069394915e+02 3.91285761559608659e+02 3.31102693265763492e+02
-2.49534313272974373e-02 1.05853340718740270e+02 9.04869723835317643e+01 1.05327411111025011e+01 2.53367204895725592e+02 3.01134570008084836e+02 1.04875304157555831e+02 1.43654714772452678e+02 -1.20587878481330790e-02 -1.05519772799597256e+01 -1.32560819808408645e+01 -8.00482155881354629e-03 -3.34964078849253610e-03 2.04803461756265278e+02 -1.93972953686198935e-02 -1.25683850201863123e-03 2.34465099073784131e+01 2.00970450499068392e+01 4.90409083920504543e+02 4.07570888193147766e+02 3.44883037577977575e+02
-6.44014226401168344e-03 1.01259056938812535e+02 8.65590814866106939e+01 1.19544836974025372e+01 2.53204169215420734e+02 2.97720397732945401e+02 1.03734745319053616e+02 1.41451276210201229e+02 -1.01610540472307775e-02 -1.02129691057283889e+01 -1.29844010516925277e+01 -7.15424540565834377e-03 -2.85911107280867327e-03 1.99985569769456902e+02 -8.59923506396853554e-03 -3.27306923938230909e-04 2.33933545231641240e+01 2.00514561437652716e+01 5.10339009477434388e+02 4.24134081043622132e+02 3.58898667062361824e+02
8.18267544018169701e-03 9.69446740155014623e+01 8.28705854104845514e+01 1.32469464059251330e+01 2.52786713435843780e+02 2.94266089701595092e+02 1.02589033252768573e+02 1.39282921948619816e+02 -8.55070070433328056e-03 -9.88757454428664850e+00 -1.27194788426469891e+01 -6.31390361502326414e-03 -2.43495834914853049e-03 1.95342819518245875e+02 -1.88577312329130109e-04 4.19525952445987116e-04 2.33394486074597900e+01 2.00052297518580104e+01 5.30598440822990256e+02 4.40971125848092413e+02 3.73146017046139718e+02
1.02305787756975519e-02 9.28788953431181028e+01 7.93949876192573214e+01 1.44831073239355526e+01 2.52308960627354566e+02 2.90861667365906044e+02 1.01440945791818422e+02 1.37150003577111363e+02 -7.18981456610379155e-03 -9.57515870929363189e+00 -1.24612365822897821e+01 -5.49591723661535525e-03 -2.07102281863313920e-03 1.90847827871119307e+02 1.52907596886109332e-03 5.29005156086448380e-04 2.32825862215133412e+01 1.99564876511799341e+01 5.51130365219807118e+02 4.58034671687563446e+02 3.87585023533953631e+02
