-4.46789272245950997e-11 -8.82778294908348471e-11 1.99501304428074377e+02 -2.86793230012447921e-03 -1.54900276740393625e-03 1.33170877353100056e-06 2.13463465162551380e-06 -1.49507201584186955e-09 4.66054690499706492e-11 -3.47397716276946766e-07 -9.91690814102635931e-10 3.05669047365175750e-10 1.73104169887139392e-10 -5.45924546020704060e-10 -4.56210841673354572e-11 -1.63548685770502356e-13 -2.33508665962306461e-12 4.98921671664011060e-05 1.40881096685491517e-09 1.92078165469327780e-09 2.06818489746717555e-09
-2.86030399365699850e-08 -5.76309275857056491e-08 5.57643799973948717e+02 -7.17310156624085260e-02 -3.87956976274174692e-02 1.06425694048235819e-04 1.62469846110277483e-04 -1.21915260088700794e-07 3.41528722143380481e-09 -3.14135877011595399e-05 -7.76936519147897187e-08 2.48330120911077756e-08 1.47600863892316525e-08 -1.99703221015479215e-07 -1.66888227681738499e-08 -1.09053397822495013e-10 -1.55772833499399910e-09 1.25629664121378352e-03 3.19266920816395366e-07 4.35086884103693919e-07 4.68256593756946243e-07
-1.77420361069380306e-07 -3.57428689312655479e-07 7.36271917889139104e+02 -1.76327211423779329e-01 -9.54413302347036641e-02 3.67983237990407441e-04 5.48393026051141597e-04 -4.28509288399880894e-07 1.17149108087855058e-08 -1.13264574351068514e-04 -2.62688093881358053e-07 8.61200157020736157e-08 5.08438104951380865e-08 -1.10021566002149740e-06 -9.19242497676719950e-08 -6.76264309308616252e-10 -9.66407338789249115e-09 3.10098598411262701e-03 1.47259177794139286e-06 2.00632826458083865e-06 2.15877385980752915e-06
-1.08522158370760735e-06 -2.18584864342119545e-06 9.60193290481530198e+02 -4.27378069732276877e-01 -2.31548454559868389e-01 1.26482215871903669e-03 1.82832726090781383e-03 -1.51411570825654707e-06 4.02229296397882408e-08 -4.05194276089981820e-04 -8.63542027593200423e-07 2.97159641393651697e-07 1.72495808969941322e-07 -6.08136387092450548e-06 -5.07826801054989119e-07 -4.13349913498672894e-09 -5.91179207427849907e-08 7.56098568161268653e-03 6.70935683175736972e-06 9.13863915801149679e-06 9.83030595197536248e-06
-6.48824106974643655e-06 -1.30663843265210744e-05 1.23088916807584701e+03 -1.01560571596978710e+00 -5.50776213595765674e-01 4.30640430832202048e-03 5.99357525730204177e-03 -5.39800017818059530e-06 1.37727804799814280e-07 -1.42684845920237890e-03 -2.68855714602445062e-06 1.01589316492400883e-06 5.70796606758072755e-07 -3.33414328528292003e-05 -2.78072412296381799e-06 -2.46783435284281261e-08 -3.53497427892091043e-07 1.81220665223152805e-02 3.00488862941497224e-05 4.09169378450508452e-05 4.40008654213493687e-05
-3.74518413082114421e-05 -7.54184566176263615e-05 1.54179210742115583e+03 -2.34934490929838713e+00 -1.27485022662676739e+00 1.44470924767581277e-02 1.92003129253777161e-02 -1.95122248767276574e-05 4.67656543781669320e-07 -4.89437559452543525e-03 -7.48073812323335474e-06 3.41320073271589308e-06 1.80927759785287634e-06 -1.78439779351613481e-04 -1.48435132159008276e-05 -1.42073919934260218e-07 -2.04097453371243631e-06 4.24388468033446709e-02 1.31491981675389326e-04 1.79000546973882109e-04 1.92437347517013458e-04
-2.04827192646916956e-04 -4.12542808589932974e-04 1.87262579114789582e+03 -5.24100620988685684e+00 -2.84220278207067789e+00 4.73905479747140923e-02 5.96043123384921714e-02 -7.18150343501644528e-05 1.56013684293743182e-06 -1.61381079103717351e-02 -1.57046655791526213e-05 1.11004073355402966e-05 5.31801124559194704e-06 -9.10957833813341722e-04 -7.53879415000824338e-05 -7.73165926948315985e-07 -1.11672861466127760e-05 9.63562640376951773e-02 5.57859631432241956e-04 7.59242037061537683e-04 8.16033102976797525e-04
-1.02856212333790609e-03 -2.07286944305451470e-03 2.18234729586769527e+03 -1.11304389275119924e+01 -6.01339936110145068e+00 1.50351945072182858e-01 1.77256634539495916e-01 -2.68349314330063038e-04 5.03390781192436521e-06 -5.02987493748707770e-02 -3.83719482954791857e-06 3.39540505196467279e-05 1.36356336795095956e-05 -4.27911755686594120e-03 -3.50603958782613745e-04 -3.84636215305933504e-06 -5.61249951919751133e-05 2.09865247562774138e-01 2.27030524177317550e-03 3.08938509383244533e-03 3.31982716542201422e-03
-4.47453922379281721e-03 -9.02976710131042637e-03 2.40302931613732153e+03 -2.20805677439183086e+01 -1.17977452197583190e+01 4.54215825427013442e-01 4.97017906450105684e-01 -9.93667513561113935e-04 1.52951325717021192e-05 -1.45033578195028490e-01 1.92133138909755807e-04 9.22777772345284575e-05 2.66253789131809526e-05 -1.73664358107998851e-02 -1.39582385172332124e-03 -1.64377029602258418e-05 -2.44545077872082572e-04 4.31727785742297199e-01 8.72635147858564879e-03 1.18739659650651790e-02 1.27579866167119617e-02
-1.48408792524605815e-02 -3.00308813207266212e-02 2.44276601917366361e+03 -3.97527627835898301e+01 -2.06521256823283679e+01 1.27705844570543547e+00 1.28542579478872199e+00 -3.39521121101782342e-03 4.18298686710727452e-05 -3.76242230129486543e-01 1.20784575239277214e-03 1.96048264479387058e-04 2.32271829236907479e-05 -5.33079799604507798e-02 -4.12822797798639840e-03 -5.26791114228153390e-05 -8.13494846860107756e-04 8.19662602975748333e-01 3.09526433939186323e-02 4.21189197593773851e-02 4.52513269172846178e-02
-2.40210612923874578e-02 -4.88631959756276046e-02 2.22054560182529531e+03 -6.22923660174577734e+01 -3.02212083106514342e+01 3.22984558087464890e+00 2.98044399381012859e+00 -8.92861189570837155e-03 9.52396366300511943e-05 -8.48475171874796708e-01 3.96990680648001693e-03 2.08817712287867607e-04 -6.11019568239612454e-05 -7.82312913613480987e-02 -5.62709186681331630e-03 -7.96316478242076187e-05 -1.32405200613039398e-03 1.39264268431242400e+00 9.82333794276363803e-02 1.33667321588361310e-01 1.43598575448255134e-01
2.41008463399339234e-03 4.92742905908016837e-03 1.97321189182091166e+03 -7.46314223476369563e+01 -3.34639225296701852e+01 5.19214377823822915e+00 4.57466536700218107e+00 -1.12773089987854291e-02 1.33800591691546344e-04 -1.26131257812634701e+00 5.32136403408722813e-03 -1.18461271441105964e-05 -1.58128744937258148e-04 1.10269340375168667e-02 7.35334642683938000e-04 7.44641063388229441e-06 1.33553300780242523e-04 1.78531700887303035e+00 1.81270620721402625e-01 2.46591572968356709e-01 2.64887302369497146e-01
1.91604587360870937e-01 3.96921624014339613e-01 1.51813782705013637e+03 -8.87403810929792911e+01 -3.15334605274700834e+01 9.75073379578407895e+00 8.14932173705161667e+00 9.35656387250105581e-03 1.53169501402317110e-04 -2.09150060537524318e+00 -2.14142322786248229e-03 -8.62283841200905954e-04 -2.28370314243164785e-04 5.58336672393750177e-01 2.97228829856521770e-02 4.79115751614411778e-04 1.07646825568696869e-02 2.46011386221032513e+00 4.43606819160039634e-01 6.02789966315540715e-01 6.47300974999488354e-01
3.36703575114825071e-01 7.09753141561805023e-01 1.23691089981119967e+03 -9.92109108552538856e+01 -2.66945835738324320e+01 1.46131797177298779e+01 1.19254108873681126e+01 7.30268556661570756e-02 6.78366318762613218e-05 -2.86425866918488481e+00 -2.13880473830823092e-02 -1.12303530899993120e-03 -8.71258759858051235e-05 9.08485954079168323e-01 3.24578022965056334e-02 5.75392045683464914e-04 1.92631943222316693e-02 3.14098137757030926e+00 8.83967609192794379e-01 1.20074683667490012e+00 1.28926894451215945e+00
-1.55920109373255400e-02 -3.35998905588894559e-02 1.08531956376553740e+03 -1.12520585418113484e+02 -2.33674955695257154e+01 2.00031896996805720e+01 1.58725760746426801e+01 1.24009089367234537e-01 -2.24566527027292295e-05 -3.60147855098358605e+00 -2.83826272319736006e-02 -3.80103636274498058e-04 -6.32734492711506391e-06 -2.03985176096921350e-02 -2.85614900974451302e-04 -1.06846633523005607e-05 -9.12746200626202153e-04 3.92648773821003383e+00 1.58959718591418242e+00 2.16351670151617181e+00 2.32422531616333794e+00
-7.64029394202452750e-01 -1.69185243230776905e+00 9.63224064769182519e+02 -1.22160180149178686e+02 -1.64731944327605220e+01 2.59681244811433061e+01 1.98493080987068566e+01 8.52504161461808962e-02 8.15387603871897682e-05 -4.27780132241822919e+00 -7.33424266893401011e-03 9.87920247013107655e-05 3.63917328982665822e-05 -1.78934997446935995e+00 2.17315323210414135e-02 4.67147420350144671e-04 -4.60081156292124760e-02 4.67095076170787937e+00 2.57100563236391633e+00 3.50948875549518036e+00 3.77309614452999842e+00
-9.50911611369747334e-01 -2.17644896595356840e+00 8.18992448898220800e+02 -1.19441864755703861e+02 -1.13952906039634172e+00 3.13377390455427687e+01 2.34954024280575062e+01 -2.70938474019573050e-02 4.92395744167595240e-04 -4.81848809108286069e+00 2.19873725581116730e-02 -2.34675466401768062e-05 3.56989592575018833e-04 -2.14909432317153914e+00 9.23236860062388587e-02 2.12828163344003229e-03 -5.92583989510604425e-02 5.17664427879072875e+00 3.71614346632607306e+00 5.07601665665403701e+00 5.45823234457832740e+00
-2.31759422831601114e-02 -5.51995264042943745e-02 6.70369872983179675e+02 -1.06460357090230445e+02 1.89307182247545711e+01 3.49649126510736039e+01 2.65708760735640546e+01 -9.76955561013710394e-02 1.13061465695807328e-03 -5.19591552129361922e+00 2.64204928129032623e-02 1.12177443926952947e-03 8.76869200070018451e-04 -4.78532955871742161e-02 3.76775435699983063e-03 9.90664651254746786e-05 -1.50500029686462256e-03 5.45689640851096058e+00 4.94864111762822034e+00 6.73954761275931880e+00 7.24126696563077399e+00
1.13252952965194709e+00 2.82940274584098006e+00 5.55010557586445657e+02 -9.33069670050740854e+01 3.64977840173081631e+01 3.75314040734122614e+01 2.91355454271046881e+01 -5.20296053201434461e-02 1.91020230477079167e-03 -5.45075566116335253e+00 3.47116028895300133e-03 4.68630040738560183e-03 1.16388506894082866e-03 2.45851595700781900e+00 -2.94577284821855301e-01 -7.73945830026079307e-03 7.72621262551762555e-02 5.69379034553218588e+00 6.36259622250539714e+00 8.63263713624861140e+00 9.26590026412159062e+00
1.25612948555613002e+00 3.32345900045845610e+00 4.84171937662396942e+02 -8.68093562136816530e+01 4.87492748601117967e+01 4.06998676914061974e+01 3.13757252677931930e+01 5.94964069901493531e-02 3.01835834722652407e-03 -5.63960698980863384e+00 -2.15403191405236782e-02 8.59795162453735884e-03 1.17727238566089909e-03 2.71667801624022331e+00 -4.52632931396067306e-01 -1.26627614491034990e-02 9.09084125757342321e-02 6.01887018930720785e+00 8.12561084434596381e+00 1.10216880897659273e+01 1.18293271284886945e+01
1.68111040967801273e-01 4.76647176675214723e-01 4.41308121399062713e+02 -8.54342205843688873e+01 5.83871420268759209e+01 4.50957296853722056e+01 3.33618788321087152e+01 1.20255466808515621e-01 4.80169106963401759e-03 -5.78620964717791075e+00 -2.47213583664596115e-02 9.66826039550028327e-03 1.53533780090242544e-03 3.61230853998108614e-01 -7.93195344233481592e-02 -2.39792033160313167e-03 1.30624342577299046e-02 6.40683640716956138e+00 1.02806735422770608e+01 1.39995441856002856e+01 1.50411287021251816e+01
-1.04205238272913903e+00 -3.21398967247625933e+00 4.03364396425876294e+02 -8.28325763941580817e+01 6.91281566406820929e+01 4.94726301871732659e+01 3.50290303749641652e+01 7.67400576756074315e-02 7.32621440020153614e-03 -5.88169532429458464e+00 -6.94359992841242502e-03 8.01167680408809701e-03 2.75221078935317109e-03 -2.36820112679288286e+00 6.61344182753509813e-01 2.06053482071091310e-02 -8.82585029945346378e-02 6.73975398054731034e+00 1.26772038252477195e+01 1.73406075031002942e+01 1.86529930733316469e+01
-1.16866441927118103e+00 -3.99883980795971183e+00 3.59491565973680736e+02 -7.51772258453686959e+01 8.09818058229200943e+01 5.18711757083993916e+01 3.63354286614026591e+01 -1.29537900982086285e-02 1.01645254418656350e-02 -5.91796371724550241e+00 1.11579214731847287e-02 7.63365668692017607e-03 4.46281802685888351e-03 -2.80193886026722794e+00 9.70206169897949167e-01 3.18582459896603609e-02 -1.10053221149897240e-01 6.94976566348582736e+00 1.51403482204891571e+01 2.07285182621238313e+01 2.23025794149600642e+01
-2.86379889421766620e-01 -1.11675684235370909e+00 3.14231437184647689e+02 -6.42611853616693622e+01 9.15249557985249709e+01 5.20202645591502488e+01 3.73493235727218007e+01 -6.04656481064012041e-02 1.27670902969754252e-02 -5.90559458078045196e+00 1.42014188587857859e-02 1.19455663643748267e-02 5.74852714562013034e-03 -7.58739652548456434e-01 3.19648698425055500e-01 1.08504787370460321e-02 -3.08074409233860536e-02 7.07310967614901287e+00 1.76643245513662563e+01 2.41060315454501506e+01 2.59142881434148755e+01
5.30557244786677984e-01 2.45170212506974394e+00 2.76330905030417739e+02 -5.42815144552606768e+01 9.97345102829232957e+01 5.16704684952786408e+01 3.81801134989499218e+01 -4.16332157290639771e-02 1.50784920330124805e-02 -5.86456558926860616e+00 4.83273810558770833e-03 1.98534440365278897e-02 6.14189722828939466e-03 1.53663697464256188e+00 -7.76216210168968246e-01 -2.86344124761974683e-02 6.78053948652745930e-02 7.18472671492066706e+00 2.03900006516577221e+01 2.77155604032173031e+01 2.97631105673705605e+01
6.06199699654098367e-01 3.53043036162921453e+00 2.48887554001421165e+02 -4.77772464758559821e+01 1.06348279297372542e+02 5.24755162408922047e+01 3.88807410140144754e+01 1.00211236659220049e-03 1.76289544903127648e-02 -5.80941589574411310e+00 -5.00074007578987789e-03 2.68873189253611145e-02 6.10776370489674036e-03 2.12366364493618676e+00 -1.27149155537807701e+00 -4.90043264909960641e-02 9.79026676577436916e-02 7.32822331041707375e+00 2.34550952547907201e+01 3.18453848092051430e+01 3.41875828105715485e+01
1.87120975014124724e-01 1.53566388259298492e+00 2.28618037080274974e+02 -4.38109289182924044e+01 1.12945907473729946e+02 5.45354696533268282e+01 3.94344192730283964e+01 2.07921692849026840e-02 2.09038545135769027e-02 -5.74420016939306777e+00 -7.48644852103197422e-03 2.94909071929794209e-02 6.55396955671960768e-03 8.73581826601650846e-01 -6.14201912774717584e-01 -2.51028324087485544e-02 4.27074252690395895e-02 7.48570289272273115e+00 2.68398631831601406e+01 3.65213320043559548e+01 3.92304275213704017e+01
-9.79513721666762649e-02 -1.47816944308289067e+00 2.10759964985476131e+02 -3.98712554154152130e+01 1.20073152955783740e+02 5.66387737162441454e+01 3.98096647382981530e+01 1.06567879462602377e-02 2.46974736598488676e-02 -5.66629018821780051e+00 -3.40482635510497289e-03 2.78471178938275443e-02 7.96505887426235404e-03 -8.47407278878563375e-01 6.94364447966620446e-01 2.82453792140628934e-02 -4.12325980278165360e-02 7.61625770165157334e+00 3.04062878614860921e+01 4.15062974644539509e+01 4.46227725820735728e+01
-1.19612632092866988e-02 -2.77784048845717280e+00 1.92941404923305953e+02 -3.45111704060389854e+01 1.26532476609324092e+02 5.75098546843797465e+01 4.00086813165762152e+01 -5.58521367801745328e-03 2.82038991658666305e-02 -5.57285646152733882e+00 1.69581081384606591e-03 2.52482522474508642e-02 9.99391659861714743e-03 -1.51536191554063748e+00 1.43809938311653696e+00 6.16714468907417768e-02 -7.77321146092599946e-02 7.70379437586605675e+00 3.40585562859755555e+01 4.65517028400474260e+01 5.00638822666342520e+01
1.00769092397683835e-01 -1.55594947802626393e+00 1.75877139030651620e+02 -2.85382939989392135e+01 1.30748275770682056e+02 5.70825573533484771e+01 4.00709415180503328e+01 -5.89723422817201026e-03 3.07281582536091946e-02 -5.46523236106782839e+00 3.19015299014679954e-03 2.54331845752915342e-02 1.17898811725751784e-02 -8.26725126046113701e-01 9.03993436072937584e-01 3.99342812085450305e-02 -4.36848525404869292e-02 7.77112245290811821e+00 3.78595876070901340e+01 5.16746341025333535e+01 5.55527109654246090e+01
-8.37468899700297698e-02 5.90674664724076592e-01 1.60959305956136973e+02 -2.33362097718096884e+01 1.32997176133049607e+02 5.63734357162946083e+01 4.00469699624477258e+01 1.06500820160988496e-02 3.22387605948364353e-02 -5.34890799255890492e+00 5.11985719946039808e-04 3.02060020551664365e-02 1.26623322983050457e-02 2.76946616183749939e-01 -3.47428050793098464e-01 -1.74529324235965788e-02 1.66413659145145942e-02 7.84128840670960425e+00 4.19113281133521696e+01 5.70688920791290570e+01 6.13132340994603950e+01
-3.85804104498703282e-01 1.69433062011452762e+00 1.48281621275457780e+02 -1.89746482810255408e+01 1.35323577405740224e+02 5.62215362881608769e+01 3.99730514159610806e+01 2.82139438768069795e-02 3.32680298473491121e-02 -5.23019431976342197e+00 -3.45344896189203610e-03 3.86082558490272731e-02 1.24960097613211474e-02 8.02166308143767992e-01 -1.15038907565869408e+00 -5.74373931446956476e-02 4.79075521915159896e-02 7.90663733413890935e+00 4.61781093101357882e+01 6.27981510980592645e+01 6.74457212799241006e+01
-3.84019106319584580e-01 1.18665025759850096e+00 1.37234488299368735e+02 -1.51114288403735628e+01 1.38702149714213135e+02 5.65926488387641200e+01 3.98626560491371578e+01 2.98506998865661899e-02 3.43958036266229783e-02 -5.11286630362497707e+00 -5.37873508674380219e-03 4.76679366423979900e-02 1.16797027128967557e-02 5.39354801065798029e-01 -8.81611240570265409e-01 -4.60217025480869069e-02 3.36782793825278759e-02 7.95811294737331210e+00 5.05989854638734968e+01 6.88376629225351735e+01 7.39399559549548542e+01
3.19049092504428700e-02 -7.40659568222383768e-02 1.27288958027265892e+02 -1.15753019548398903e+01 1.42378166942730218e+02 5.69288610245925497e+01 3.97123509122357561e+01 9.57596197847010444e-03 3.58658730058607489e-02 -4.99735360139638729e+00 -4.20424445779943312e-03 5.40369416628436738e-02 1.07467324059129510e-02 -4.83441976356857595e-02 8.98472623124177971e-02 3.27860546522629193e-03 -2.11017573293048599e-03 7.99823794185099146e+00 5.51731137540186936e+01 7.51491950937996194e+01 8.07442381037877084e+01
4.88010412016137707e-01 -8.86382359744203541e-01 1.18232173720852302e+02 -8.28445403045915185e+00 1.45133110857090827e+02 5.68332055587428329e+01 3.95129385362601582e+01 -2.53930527167653963e-02 3.75905362924697783e-02 -4.88234652797553625e+00 -1.52032095654774935e-03 5.55943403084313559e-02 1.00657139667390538e-02 -4.03233929688241233e-01 8.50365002171173501e-01 4.46990196757255376e-02 -2.53536099130489134e-02 8.03331389115167838e+00 5.99325759786793242e+01 8.16898262045134516e+01 8.77879961108048406e+01
5.25062624856047933e-01 -7.66916778982789538e-01 1.10085866124613290e+02 -5.31574599025224259e+00 1.46362821755166692e+02 5.63801405325824305e+01 3.92585129686407868e+01 -6.02786665201051619e-02 3.93673886588743471e-02 -4.76684773455381006e+00 1.88610790662124828e-04 5.22380806769149331e-02 9.75056310299748930e-03 -3.39440859149789276e-01 8.10960760807034831e-01 4.39916533309450131e-02 -2.20254515388784711e-02 8.06902144446996772e+00 6.49177632945663561e+01 8.84615998365867995e+01 9.50586287026552128e+01
1.08793241569202337e-01 -1.30314507917177025e-01 1.02750786686040257e+02 -2.47755399906778351e+00 1.46769614958559572e+02 5.58734912454343942e+01 3.89505045985067255e+01 -8.11046779730020262e-02 4.10225153303684920e-02 -4.65106227566991137e+00 -4.38697597601844791e-04 4.55901557141373814e-02 9.73450291161270798e-03 -6.45851216947335161e-02 1.74584332687402366e-01 8.49260276161878380e-03 -3.75801419649945956e-03 8.09980056433719398e+00 7.00839941220029061e+01 9.54252128420169754e+01 1.02520093881576770e+02
-3.60430045080875061e-01 3.59235527983656766e-01 9.60841703550468935e+01 2.62084765868813463e-01 1.47166318604379001e+02 5.54650914441490954e+01 3.85970451636317620e+01 -8.10601972286519867e-02 4.23963250215564358e-02 -4.53601692424785519e+00 -2.97350401524809627e-03 3.79635429973177452e-02 9.87619800548600324e-03 1.35881467584340498e-01 -4.15196825141691761e-01 -2.65741286216023553e-02 1.04029317485192507e-02 8.12202746426927291e+00 7.53897807141981673e+01 1.02583756250337075e+02 1.10192444016807258e+02
-4.82625399450881787e-01 4.04714656071718082e-01 8.99823652231044804e+01 2.74924786188835135e+00 1.47749581763479341e+02 5.50787189062151867e+01 3.82096260757971606e+01 -6.23211513092485347e-02 4.32892262475803591e-02 -4.42276364459326832e+00 -5.96630089675187492e-03 3.12777672425852415e-02 1.00268205627500606e-02 1.51161175132386916e-01 -5.21747951008904920e-01 -3.39607091840932185e-02 1.17691983165570946e-02 8.13818940517358413e+00 8.08442622000211770e+01 1.09987333422157150e+02 1.18139959800996181e+02
-2.07266134334531671e-01 1.47498107272113543e-01 8.43552243355181730e+01 5.04302938120989452e+00 1.48463702033300933e+02 5.45963586120203672e+01 3.77993730977995668e+01 -3.34607935306223681e-02 4.34862967488243157e-02 -4.31191421795554142e+00 -8.12374678186600363e-03 2.64691183355978410e-02 1.00628394449557845e-02 4.97108218667108304e-02 -1.93738397282402275e-01 -1.40338743139700739e-02 4.30728440819549974e-03 8.14848681305785050e+00 8.64385121573454711e+01 1.17617307126682306e+02 1.26340713402331218e+02
1.81509615929002166e-01 -1.10361668618395470e-01 7.91911811245106350e+01 7.15799556641613677e+00 1.49002014144104294e+02 5.40178408875091804e+01 3.73746193789960728e+01 -4.64565737581779103e-03 4.28540707946183375e-02 -4.20365175693649107e+00 -8.94660628233978628e-03 2.35150645381452250e-02 9.90815715674386865e-03 -4.69358818081389018e-02 2.06507563799050331e-01 1.19035685781128109e-02 -3.23621239757976298e-03 8.15504747803218955e+00 9.21856518093520378e+01 1.25459471107812433e+02 1.34770493795512692e+02
3.53785210719394172e-01 -1.84777486185836892e-01 7.44937382193721191e+01 9.06962617197723020e+00 1.49125481304614425e+02 5.34436581681516714e+01 3.69403130994642908e+01 1.66382273378360424e-02 4.14178602500214765e-02 -4.09796379242136766e+00 -8.64224811300218221e-03 2.18346988043549572e-02 9.54873500747766002e-03 -7.20998043382223841e-02 3.58139549749324715e-01 2.25923597648733931e-02 -5.44044353158845695e-03 8.16018688564482453e+00 9.81063799827144152e+01 1.33516134087122111e+02 1.43424656671433411e+02
2.19014787014074841e-01 -9.86786630537181964e-02 7.02282792729805578e+01 1.07601982610650513e+01 1.48827191315461931e+02 5.29434932469227704e+01 3.64987991599476587e+01 2.75666084429246894e-02 3.93532141102781452e-02 -3.99483089785711076e+00 -7.69678677849938708e-03 2.07349213413010602e-02 9.02863505070428118e-03 -3.90648087897034202e-02 2.19133019733192214e-01 1.36788759021779782e-02 -2.91688481689966750e-03 8.16481896157069897e+00 1.04209462720408581e+02 1.41797771955092742e+02 1.52314123594509226e+02
-4.50047764264098760e-02 1.75513827611695206e-02 6.63236904900514475e+01 1.22531176592225837e+01 1.48272624743411114e+02 5.24776093359377569e+01 3.60511002439813097e+01 2.95088202016700052e-02 3.69037706510226826e-02 -3.89428250476260640e+00 -6.53060829649376728e-03 1.96947427717191204e-02 8.42453410115240331e-03 2.81063139189541289e-03 -1.78131627426694195e-02 -2.75920881129110285e-03 5.20761048342421873e-04 8.16823617847011363e+00 1.10483988123237452e+02 1.50306105012353385e+02 1.61445337937812639e+02
-2.02495972625641230e-01 6.85354662720953911e-02 6.26960625683859263e+01 1.36853252135678556e+01 1.47730775086869443e+02 5.19511587950413229e+01 3.55979783013557878e+01 2.61245915283438990e-02 3.42871649900757802e-02 -3.79636854554631675e+00 -5.38952606178355609e-03 1.84526645062419448e-02 7.81131774476762075e-03 2.05606077739446391e-02 -1.47331066157505575e-01 -1.22245652447148245e-02 2.04063898006090483e-03 8.16732473852875174e+00 1.16882332119844122e+02 1.58991999510805925e+02 1.70769801511536400e+02
-1.65873411101983947e-01 4.88198479666266394e-02 5.93206394146250062e+01 1.50208091882010013e+01 1.47170075844619447e+02 5.13185541899555915e+01 3.51404717273626162e+01 2.13054864126149823e-02 3.16419581155997776e-02 -3.70112062009494380e+00 -4.38975462067148214e-03 1.69653451748956741e-02 7.23654083815716831e-03 1.40100863293071143e-02 -1.13612128083417474e-01 -9.88606812306080940e-03 1.45824642698144658e-03 8.16332848001721523e+00 1.23412804646969050e+02 1.67869933235848805e+02 1.80303892288462691e+02
-2.20297155336197648e-02 5.64666164378024860e-03 5.61772700063854344e+01 1.63116798521287301e+01 1.46606221038744820e+02 5.06219034653509254e+01 3.46799624928921517e+01 1.78088814364230075e-02 2.90280514162901682e-02 -3.60853776784308788e+00 -3.58421316384927025e-03 1.53206995904042742e-02 6.71352132700064885e-03 9.78112665563912742e-05 -8.98681758570774036e-04 -1.29914540015896307e-03 1.69134415930471960e-04 8.15578913068469902e+00 1.30060365061000624e+02 1.76912619327637458e+02 1.90016419939284191e+02
8.90010908353673358e-02 -1.98874566177238421e-02 5.32674653869645240e+01 1.74926337855060652e+01 1.45920818018693979e+02 4.99407224526350433e+01 3.42179902307722230e+01 1.68044995981802003e-02 2.64595086666759016e-02 -3.51859350507114144e+00 -2.98801761406686239e-03 1.36570043358688054e-02 6.23062212712710561e-03 -7.66286854761233371e-03 7.98841778061785135e-02 5.20332091183206558e-03 -5.97038784475145690e-04 8.14679870382541438e+00 1.36850903518511160e+02 1.86147571120388022e+02 1.99934851876621110e+02
9.92470264923781542e-02 -1.93443742364962645e-02 5.05780295664666752e+01 1.85382697475202782e+01 1.45078231650474606e+02 4.93194700879645040e+01 3.37560210013458004e+01 1.81110856450743540e-02 2.39403520930636660e-02 -3.43124819970323536e+00 -2.57568537508667816e-03 1.21057134018656143e-02 5.76707880112792282e-03 -7.05853148673440955e-03 8.36331168730737318e-02 5.76179909248786259e-03 -5.81681922326993117e-04 8.13730613294415228e+00 1.43796873105499230e+02 1.95589220821351859e+02 2.10074030314777247e+02
3.85486159917149962e-02 -6.55508681600736054e-03 4.80782504468435761e+01 1.95092605163305777e+01 1.44170181916501519e+02 4.87431268098218311e+01 3.32952899740619159e+01 2.07536040243496700e-02 2.14851193687195519e-02 -3.34645678826990167e+00 -2.28399521514965897e-03 1.07581284806883559e-02 5.30612982032607761e-03 -2.82266709847078801e-03 3.80889250968436954e-02 2.22549214432099518e-03 -1.97277903682291367e-04 8.12614495618877086e+00 1.50874581490105129e+02 2.05207588612708122e+02 2.20402370167461868e+02
-2.48348784822809421e-02 3.68363964308571212e-03 4.57537135026524169e+01 2.03574845631075760e+01 1.43156595358461516e+02 4.81678841064621963e+01 3.28367485864952329e+01 2.35344421580805374e-02 1.91217714768754377e-02 -3.26417094701180988e+00 -2.03452886254851251e-03 9.65193676444187076e-03 4.84108714746867008e-03 4.31395801015810321e-04 -6.64552871697310366e-03 -1.42755938465555232e-03 1.10849066937035445e-04 8.11454914801766591e+00 1.58102758602336706e+02 2.15031341090350736e+02 2.30951512920879480e+02
-4.77689774581904203e-02 6.17667235354701916e-03 4.35822680555533992e+01 2.11270016759474757e+01 1.42096301684376357e+02 4.75627308162238194e+01 3.23810933257678144e+01 2.54504180964829629e-02 1.68842013987671180e-02 -3.18433898454816822e+00 -1.76499288682840927e-03 8.77385716481171585e-03 4.37492360619273768e-03 1.27322971529508777e-03 -2.24543260113136967e-02 -2.73690545656890549e-03 1.85634232730436111e-04 8.10172404437993343e+00 1.65463171809244528e+02 2.25037151793898289e+02 2.41696788118699999e+02
-3.07587854605060329e-02 3.46378152104165338e-03 4.15531801482176490e+01 2.18076505799082696e+01 1.40972782734420520e+02 4.69257737910080266e+01 3.19288359167939682e+01 2.59085666271801074e-02 1.48029591030223173e-02 -3.10690607916621886e+00 -1.45061597171114443e-03 8.07401348814096309e-03 3.91643382522488537e-03 5.88172886580196064e-04 -1.19147155662631121e-02 -1.75820675285187633e-03 1.03820433785983823e-04 8.08813210295968155e+00 1.72961411703813837e+02 2.35232234036889906e+02 2.52645832039508775e+02
-2.68798650253643245e-05 2.63257969379537826e-06 3.96507289471191271e+01 2.24513844887775420e+01 1.39842758462236134e+02 4.62753909829543773e+01 3.14803796496849273e+01 2.47662049343375656e-02 1.28992959346589942e-02 -3.03181534792594487e+00 -1.10561419051968812e-03 7.48610743090694086e-03 3.47598195426002121e-03 -2.87288133677066071e-04 6.71111273487667859e-03 -1.53414516645966614e-06 7.85562512817250536e-08 8.07284908699563175e+00 1.80573733904837638e+02 2.45583174991354127e+02 2.63762460296356096e+02
1.89377954814915483e-02 -1.61013699158019108e-03 3.78694133325097653e+01 2.30280856829143943e+01 1.38665467038516283e+02 4.56323909230247011e+01 3.10360799711097322e+01 2.22507818893404874e-02 1.11835073163462084e-02 -2.95900897423034959e+00 -7.67937937423468497e-04 6.94689802847392457e-03 3.06252572653420430e-03 -6.41454904055649422e-04 1.73613065902600283e-02 1.07997173059715124e-03 -4.77295967833413215e-05 8.05677763223965826e+00 1.88315276452447620e+02 2.56109732758595953e+02 2.75067676771716208e+02
1.76518595969241687e-02 -1.29983962636970318e-03 3.61942137281029801e+01 2.35965165011076223e+01 1.37512150843670497e+02 4.50071146677665013e+01 3.05962807111812083e+01 1.88190847509872583e-02 9.65618020616432204e-03 -2.88842865092644008e+00 -4.78209472712265438e-04 6.40993111974808016e-03 2.68225426035684222e-03 -4.92531756194125592e-04 1.55325545104290086e-02 1.00642446136411934e-03 -3.81736974155444386e-05 8.03880000100639691e+00 1.96155354030609800e+02 2.66770005998805686e+02 2.86516435831435956e+02
4.69373925464822150e-03 -2.98482646279296659e-04 3.46235000135862663e+01 2.40908311327324149e+01 1.36303467751430787e+02 4.43972948998980996e+01 3.01613268377403969e+01 1.50064247441719090e-02 8.31054047058898959e-03 -2.82001523649100028e+00 -2.63348246006600561e-04 5.85132661501575058e-03 2.33841471279561119e-03 -1.90094715776467638e-04 7.03315725687048143e-03 2.67698353386691679e-04 -8.65480219047753963e-06 8.02057828001395201e+00 2.04129224414898204e+02 2.77612238701909348e+02 2.98160628650139017e+02
-6.13304717634122198e-03 3.35593994854832545e-04 3.31483842507162265e+01 2.45192984721344658e+01 1.35050682454245077e+02 4.37954305445548471e+01 2.97315598528239811e+01 1.13015718767712769e-02 7.13474780184242263e-03 -2.75370804776216849e+00 -1.29998780385776058e-04 5.26835302733275057e-03 2.03174152978391476e-03 -3.59456984710959659e-06 1.57349860316458035e-04 -3.50054571038427298e-04 9.56550709041437131e-06 8.00209665628040590e+00 2.12234515452241965e+02 2.88633536247970767e+02 3.09997230207249743e+02
-7.87208941312655952e-03 3.69013147789587492e-04 3.17581618478935717e+01 2.49225891246742535e+01 1.33804186944992949e+02 4.31974828814445004e+01 2.93073036287681994e+01 8.06648521287911535e-03 6.11376588564382928e-03 -2.68944433186166965e+00 -6.70701961684727621e-05 4.67338218595614308e-03 1.76106748527615764e-03 2.48410134986443154e-05 -1.30022998656897926e-03 -4.49832696927998654e-04 1.02799725336666370e-05 7.98260037340092143e+00 2.20448351037557671e+02 2.99802880519766290e+02 3.21992948315007823e+02
